frequency,raw,error,smoothed,error_smoothed,equalization,parametric_eq,equalized_raw,equalized_smoothed,target
20,-27.08,-18.94,-26.97,-18.83,6.00,3.00,-21.08,-20.97,-8.14
21,-26.14,-18.00,-26.13,-17.99,6.00,3.44,-20.14,-20.13,-8.14
22,-25.19,-17.05,-25.31,-17.17,6.00,3.92,-19.19,-19.31,-8.14
23,-24.41,-16.27,-24.51,-16.37,6.00,4.44,-18.41,-18.51,-8.14
24,-23.73,-15.59,-23.73,-15.59,6.00,4.99,-17.73,-17.73,-8.14
25,-22.94,-14.80,-22.96,-14.82,6.00,5.57,-16.94,-16.96,-8.14
26,-22.29,-14.15,-22.22,-14.08,6.00,6.14,-16.29,-16.22,-8.14
27,-21.58,-13.44,-21.50,-13.36,6.00,6.69,-15.58,-15.50,-8.14
28,-20.78,-12.64,-20.80,-12.66,6.00,7.18,-14.78,-14.80,-8.14
29,-20.13,-11.99,-20.11,-11.97,6.00,7.56,-14.13,-14.11,-8.14
30,-19.38,-11.24,-19.45,-11.31,6.00,7.80,-13.38,-13.45,-8.14
31,-18.81,-10.67,-18.81,-10.67,6.00,7.87,-12.81,-12.81,-8.14
32,-18.09,-9.95,-18.19,-10.05,6.00,7.77,-12.09,-12.19,-8.14
33,-17.56,-9.42,-17.58,-9.44,6.00,7.52,-11.56,-11.58,-8.14
34,-17.04,-8.90,-16.99,-8.85,6.00,7.15,-11.04,-10.99,-8.14
35,-16.39,-8.25,-16.42,-8.28,6.00,6.70,-10.39,-10.42,-8.14
36,-15.92,-7.78,-15.87,-7.73,6.00,6.20,-9.92,-9.87,-8.14
37,-15.30,-7.16,-15.33,-7.19,6.00,5.68,-9.30,-9.33,-8.14
38,-14.86,-6.72,-14.81,-6.66,5.90,5.16,-8.96,-8.90,-8.14
39,-14.35,-6.21,-14.29,-6.15,5.70,4.65,-8.65,-8.59,-8.14
40,-13.74,-5.60,-13.79,-5.65,5.40,4.16,-8.34,-8.39,-8.14
41,-13.30,-5.16,-13.30,-5.16,5.04,3.68,-8.26,-8.26,-8.14
42,-12.87,-4.73,-12.82,-4.68,4.64,3.23,-8.23,-8.18,-8.14
43,-12.39,-4.25,-12.35,-4.21,4.21,2.79,-8.18,-8.14,-8.14
44,-11.87,-3.73,-11.89,-3.75,3.75,2.38,-8.12,-8.14,-8.14
45,-11.44,-3.30,-11.45,-3.31,3.31,1.98,-8.13,-8.14,-8.14
46,-11.03,-2.89,-11.01,-2.87,2.87,1.60,-8.16,-8.14,-8.14
47,-10.54,-2.40,-10.59,-2.45,2.45,1.23,-8.09,-8.14,-8.14
48,-10.22,-2.08,-10.18,-2.04,2.04,0.88,-8.18,-8.14,-8.14
49,-9.76,-1.62,-9.78,-1.64,1.64,0.54,-8.12,-8.14,-8.14
50,-9.44,-1.30,-9.40,-1.26,1.26,0.22,-8.18,-8.14,-8.14
51,-9.02,-0.88,-9.03,-0.89,0.89,-0.09,-8.13,-8.14,-8.14
52,-8.67,-0.53,-8.68,-0.54,0.54,-0.39,-8.13,-8.14,-8.14
53,-8.32,-0.18,-8.35,-0.21,0.21,-0.67,-8.11,-8.14,-8.14
54,-8.06,0.08,-8.03,0.11,-0.11,-0.94,-8.17,-8.14,-8.14
55,-7.71,0.43,-7.73,0.41,-0.41,-1.19,-8.12,-8.14,-8.14
56,-7.40,0.74,-7.45,0.69,-0.69,-1.42,-8.09,-8.14,-8.14
57,-7.15,0.99,-7.19,0.95,-0.95,-1.64,-8.10,-8.14,-8.14
58,-6.95,1.19,-6.94,1.20,-1.20,-1.84,-8.15,-8.14,-8.14
59,-6.70,1.44,-6.71,1.43,-1.43,-2.02,-8.13,-8.14,-8.14
60,-6.49,1.65,-6.49,1.65,-1.65,-2.18,-8.14,-8.14,-8.14
61,-6.28,1.86,-6.28,1.86,-1.86,-2.33,-8.14,-8.14,-8.14
62,-6.16,1.98,-6.09,2.05,-2.05,-2.45,-8.21,-8.14,-8.14
63,-5.87,2.27,-5.92,2.22,-2.22,-2.56,-8.09,-8.14,-8.14
64,-5.84,2.30,-5.75,2.39,-2.39,-2.65,-8.23,-8.14,-8.14
65,-5.51,2.63,-5.59,2.55,-2.55,-2.72,-8.06,-8.14,-8.14
66,-5.49,2.65,-5.45,2.69,-2.69,-2.78,-8.18,-8.14,-8.14
67,-5.32,2.82,-5.31,2.83,-2.83,-2.83,-8.15,-8.14,-8.14
68,-5.19,2.95,-5.19,2.95,-2.95,-2.87,-8.14,-8.14,-8.14
69,-5.11,3.03,-5.07,3.07,-3.07,-2.90,-8.18,-8.14,-8.14
70,-4.86,3.28,-4.96,3.18,-3.18,-2.92,-8.04,-8.14,-8.14
71,-4.86,3.28,-4.87,3.27,-3.27,-2.94,-8.13,-8.14,-8.14
72,-4.83,3.31,-4.78,3.36,-3.36,-2.95,-8.19,-8.14,-8.14
73,-4.68,3.46,-4.70,3.44,-3.44,-2.96,-8.12,-8.14,-8.14
74,-4.54,3.60,-4.62,3.52,-3.52,-2.97,-8.06,-8.14,-8.14
75,-4.54,3.60,-4.56,3.58,-3.58,-2.98,-8.12,-8.14,-8.14
76,-4.54,3.60,-4.49,3.65,-3.65,-2.99,-8.19,-8.14,-8.14
77,-4.54,3.60,-4.44,3.70,-3.70,-3.00,-8.24,-8.14,-8.14
78,-4.42,3.72,-4.38,3.76,-3.76,-3.01,-8.18,-8.14,-8.14
79,-4.27,3.87,-4.33,3.81,-3.81,-3.02,-8.08,-8.14,-8.14
80,-4.22,3.92,-4.28,3.86,-3.86,-3.03,-8.08,-8.14,-8.14
81,-4.22,3.92,-4.23,3.91,-3.91,-3.05,-8.13,-8.14,-8.14
82,-4.22,3.92,-4.19,3.95,-3.95,-3.07,-8.17,-8.14,-8.14
83,-4.22,3.92,-4.14,4.00,-4.00,-3.09,-8.22,-8.14,-8.14
84,-4.22,3.92,-4.10,4.04,-4.04,-3.11,-8.26,-8.14,-8.14
85,-4.09,4.05,-4.06,4.08,-4.08,-3.14,-8.17,-8.14,-8.14
86,-3.96,4.18,-4.03,4.11,-4.11,-3.17,-8.07,-8.14,-8.14
87,-3.89,4.25,-3.99,4.15,-4.15,-3.20,-8.04,-8.14,-8.14
88,-3.89,4.25,-3.96,4.18,-4.18,-3.24,-8.07,-8.14,-8.14
89,-3.89,4.25,-3.94,4.20,-4.20,-3.28,-8.09,-8.14,-8.14
90,-3.89,4.25,-3.91,4.23,-4.23,-3.33,-8.12,-8.14,-8.14
91,-3.89,4.25,-3.89,4.25,-4.25,-3.37,-8.14,-8.14,-8.14
92,-3.89,4.25,-3.87,4.27,-4.27,-3.42,-8.16,-8.14,-8.14
93,-3.89,4.25,-3.85,4.29,-4.29,-3.47,-8.18,-8.14,-8.14
94,-3.89,4.25,-3.82,4.32,-4.32,-3.53,-8.21,-8.14,-8.14
95,-3.89,4.25,-3.80,4.34,-4.34,-3.58,-8.23,-8.14,-8.14
96,-3.86,4.28,-3.77,4.37,-4.37,-3.64,-8.23,-8.14,-8.14
97,-3.74,4.40,-3.74,4.40,-4.40,-3.70,-8.14,-8.14,-8.14
98,-3.62,4.52,-3.71,4.43,-4.43,-3.76,-8.05,-8.14,-8.14
99,-3.63,4.51,-3.68,4.46,-4.46,-3.82,-8.09,-8.14,-8.14
100,-3.72,4.42,-3.65,4.49,-4.49,-3.89,-8.21,-8.14,-8.14
101,-3.61,4.53,-3.63,4.51,-4.51,-3.95,-8.12,-8.14,-8.14
102,-3.57,4.57,-3.60,4.54,-4.54,-4.02,-8.11,-8.14,-8.14
104,-3.57,4.57,-3.58,4.56,-4.56,-4.15,-8.13,-8.14,-8.14
105,-3.57,4.57,-3.57,4.57,-4.57,-4.21,-8.14,-8.14,-8.14
106,-3.57,4.57,-3.56,4.58,-4.58,-4.27,-8.15,-8.14,-8.14
107,-3.57,4.57,-3.56,4.58,-4.58,-4.34,-8.15,-8.14,-8.14
108,-3.57,4.57,-3.57,4.57,-4.57,-4.40,-8.14,-8.14,-8.14
109,-3.57,4.57,-3.59,4.55,-4.55,-4.46,-8.12,-8.14,-8.14
110,-3.57,4.57,-3.61,4.53,-4.53,-4.52,-8.10,-8.14,-8.14
111,-3.57,4.57,-3.63,4.51,-4.51,-4.57,-8.08,-8.14,-8.14
112,-3.57,4.57,-3.66,4.48,-4.48,-4.63,-8.05,-8.14,-8.14
113,-3.66,4.48,-3.70,4.45,-4.45,-4.68,-8.11,-8.14,-8.14
114,-3.76,4.38,-3.73,4.41,-4.41,-4.72,-8.17,-8.14,-8.14
115,-3.86,4.28,-3.76,4.38,-4.38,-4.76,-8.24,-8.14,-8.14
117,-3.89,4.25,-3.79,4.35,-4.35,-4.84,-8.24,-8.14,-8.14
118,-3.89,4.25,-3.82,4.32,-4.32,-4.87,-8.21,-8.14,-8.14
119,-3.89,4.25,-3.84,4.30,-4.30,-4.90,-8.19,-8.14,-8.14
120,-3.89,4.25,-3.87,4.27,-4.27,-4.92,-8.16,-8.14,-8.14
121,-3.89,4.25,-3.89,4.25,-4.25,-4.94,-8.14,-8.14,-8.14
123,-3.89,4.25,-3.91,4.23,-4.23,-4.96,-8.12,-8.14,-8.14
124,-3.89,4.25,-3.94,4.20,-4.20,-4.97,-8.09,-8.14,-8.14
125,-3.89,4.25,-3.96,4.18,-4.18,-4.97,-8.07,-8.14,-8.14
126,-3.89,4.25,-3.99,4.15,-4.15,-4.96,-8.04,-8.14,-8.14
128,-3.93,4.21,-4.02,4.12,-4.12,-4.94,-8.05,-8.14,-8.14
129,-4.02,4.12,-4.05,4.09,-4.09,-4.93,-8.11,-8.14,-8.14
130,-4.11,4.03,-4.08,4.06,-4.06,-4.91,-8.17,-8.14,-8.14
131,-4.20,3.94,-4.11,4.04,-4.04,-4.88,-8.24,-8.14,-8.14
133,-4.22,3.92,-4.13,4.01,-4.01,-4.83,-8.23,-8.14,-8.14
134,-4.22,3.92,-4.15,3.99,-3.99,-4.79,-8.21,-8.14,-8.14
135,-4.22,3.92,-4.18,3.97,-3.97,-4.76,-8.19,-8.14,-8.14
137,-4.22,3.92,-4.19,3.95,-3.95,-4.68,-8.17,-8.14,-8.14
138,-4.22,3.92,-4.21,3.93,-3.93,-4.64,-8.15,-8.14,-8.14
140,-4.22,3.92,-4.22,3.92,-3.92,-4.55,-8.14,-8.14,-8.14
141,-4.22,3.92,-4.24,3.90,-3.90,-4.50,-8.12,-8.14,-8.14
142,-4.22,3.92,-4.26,3.88,-3.88,-4.45,-8.10,-8.14,-8.14
144,-4.22,3.92,-4.28,3.86,-3.86,-4.36,-8.08,-8.14,-8.14
145,-4.22,3.92,-4.30,3.84,-3.84,-4.31,-8.06,-8.14,-8.14
147,-4.22,3.92,-4.33,3.81,-3.81,-4.20,-8.03,-8.14,-8.14
148,-4.28,3.86,-4.36,3.78,-3.78,-4.15,-8.06,-8.14,-8.14
150,-4.43,3.71,-4.39,3.75,-3.75,-4.05,-8.18,-8.14,-8.14
151,-4.50,3.64,-4.42,3.72,-3.72,-4.00,-8.22,-8.14,-8.14
153,-4.54,3.60,-4.45,3.69,-3.69,-3.90,-8.23,-8.14,-8.14
154,-4.54,3.60,-4.47,3.67,-3.67,-3.86,-8.21,-8.14,-8.14
156,-4.54,3.60,-4.49,3.65,-3.65,-3.76,-8.19,-8.14,-8.14
157,-4.54,3.60,-4.51,3.63,-3.63,-3.71,-8.17,-8.14,-8.14
159,-4.54,3.60,-4.52,3.62,-3.62,-3.62,-8.16,-8.14,-8.14
160,-4.54,3.60,-4.53,3.61,-3.61,-3.58,-8.15,-8.14,-8.14
162,-4.54,3.60,-4.54,3.60,-3.60,-3.49,-8.14,-8.14,-8.14
164,-4.54,3.60,-4.55,3.59,-3.59,-3.41,-8.13,-8.14,-8.14
165,-4.54,3.60,-4.56,3.58,-3.58,-3.37,-8.12,-8.14,-8.14
167,-4.54,3.60,-4.58,3.57,-3.57,-3.30,-8.11,-8.14,-8.14
169,-4.54,3.60,-4.59,3.55,-3.55,-3.22,-8.09,-8.14,-8.14
170,-4.54,3.60,-4.61,3.53,-3.53,-3.19,-8.07,-8.14,-8.14
172,-4.54,3.60,-4.64,3.50,-3.50,-3.12,-8.04,-8.14,-8.14
174,-4.64,3.50,-4.67,3.48,-3.48,-3.06,-8.12,-8.14,-8.14
175,-4.71,3.43,-4.70,3.44,-3.44,-3.03,-8.15,-8.14,-8.14
177,-4.84,3.30,-4.73,3.41,-3.41,-2.97,-8.25,-8.14,-8.14
179,-4.86,3.28,-4.76,3.38,-3.38,-2.92,-8.24,-8.14,-8.14
181,-4.86,3.28,-4.80,3.35,-3.35,-2.86,-8.21,-8.14,-8.14
183,-4.86,3.28,-4.83,3.31,-3.31,-2.82,-8.17,-8.14,-8.14
184,-4.86,3.28,-4.86,3.28,-3.28,-2.79,-8.14,-8.14,-8.14
186,-4.86,3.28,-4.89,3.25,-3.25,-2.75,-8.11,-8.14,-8.14
188,-4.86,3.28,-4.93,3.21,-3.21,-2.71,-8.07,-8.14,-8.14
190,-4.86,3.28,-4.96,3.18,-3.18,-2.68,-8.04,-8.14,-8.14
192,-4.94,3.20,-4.99,3.15,-3.15,-2.64,-8.09,-8.14,-8.14
194,-5.03,3.11,-5.02,3.12,-3.12,-2.61,-8.15,-8.14,-8.14
196,-5.03,3.11,-5.05,3.09,-3.09,-2.58,-8.12,-8.14,-8.14
198,-5.13,3.01,-5.07,3.07,-3.07,-2.55,-8.20,-8.14,-8.14
200,-5.19,2.95,-5.10,3.04,-3.04,-2.53,-8.23,-8.14,-8.14
202,-5.19,2.95,-5.12,3.02,-3.02,-2.51,-8.21,-8.14,-8.14
204,-5.19,2.95,-5.15,2.99,-2.99,-2.48,-8.18,-8.14,-8.14
206,-5.19,2.95,-5.17,2.97,-2.97,-2.47,-8.16,-8.14,-8.14
208,-5.19,2.95,-5.20,2.94,-2.94,-2.45,-8.13,-8.14,-8.14
210,-5.19,2.95,-5.22,2.92,-2.92,-2.43,-8.11,-8.14,-8.14
212,-5.19,2.95,-5.25,2.90,-2.90,-2.42,-8.09,-8.14,-8.14
214,-5.19,2.95,-5.27,2.87,-2.87,-2.40,-8.06,-8.14,-8.14
216,-5.19,2.95,-5.30,2.84,-2.84,-2.39,-8.03,-8.14,-8.14
218,-5.24,2.90,-5.33,2.81,-2.81,-2.38,-8.05,-8.14,-8.14
221,-5.40,2.74,-5.36,2.78,-2.78,-2.36,-8.18,-8.14,-8.14
223,-5.50,2.64,-5.38,2.76,-2.76,-2.35,-8.26,-8.14,-8.14
225,-5.51,2.63,-5.41,2.73,-2.73,-2.35,-8.24,-8.14,-8.14
227,-5.51,2.63,-5.44,2.70,-2.70,-2.34,-8.21,-8.14,-8.14
229,-5.51,2.63,-5.47,2.67,-2.67,-2.33,-8.18,-8.14,-8.14
232,-5.51,2.63,-5.50,2.64,-2.64,-2.32,-8.15,-8.14,-8.14
234,-5.51,2.63,-5.52,2.62,-2.62,-2.31,-8.13,-8.14,-8.14
236,-5.51,2.63,-5.55,2.59,-2.59,-2.31,-8.10,-8.14,-8.14
239,-5.51,2.63,-5.58,2.56,-2.56,-2.30,-8.07,-8.14,-8.14
241,-5.51,2.63,-5.61,2.53,-2.53,-2.29,-8.04,-8.14,-8.14
244,-5.54,2.60,-5.63,2.51,-2.51,-2.28,-8.05,-8.14,-8.14
246,-5.63,2.51,-5.66,2.48,-2.48,-2.28,-8.11,-8.14,-8.14
248,-5.73,2.41,-5.69,2.45,-2.45,-2.27,-8.18,-8.14,-8.14
251,-5.84,2.30,-5.72,2.42,-2.42,-2.27,-8.26,-8.14,-8.14
253,-5.84,2.30,-5.75,2.39,-2.39,-2.26,-8.23,-8.14,-8.14
256,-5.84,2.30,-5.78,2.36,-2.36,-2.25,-8.20,-8.14,-8.14
259,-5.84,2.30,-5.81,2.33,-2.33,-2.24,-8.17,-8.14,-8.14
261,-5.84,2.30,-5.83,2.31,-2.31,-2.24,-8.15,-8.14,-8.14
264,-5.84,2.30,-5.86,2.28,-2.28,-2.23,-8.12,-8.14,-8.14
266,-5.84,2.30,-5.89,2.25,-2.25,-2.23,-8.09,-8.14,-8.14
269,-5.84,2.30,-5.92,2.22,-2.22,-2.22,-8.06,-8.14,-8.14
272,-5.84,2.30,-5.95,2.19,-2.19,-2.21,-8.03,-8.14,-8.14
274,-5.88,2.26,-5.98,2.17,-2.17,-2.21,-8.05,-8.14,-8.14
277,-6.00,2.14,-6.00,2.14,-2.14,-2.20,-8.14,-8.14,-8.14
280,-6.12,2.02,-6.03,2.11,-2.11,-2.19,-8.23,-8.14,-8.14
283,-6.16,1.98,-6.06,2.08,-2.08,-2.19,-8.24,-8.14,-8.14
286,-6.16,1.98,-6.08,2.06,-2.06,-2.18,-8.22,-8.14,-8.14
288,-6.16,1.98,-6.11,2.04,-2.04,-2.18,-8.20,-8.14,-8.14
291,-6.16,1.98,-6.13,2.01,-2.01,-2.18,-8.17,-8.14,-8.14
294,-6.16,1.98,-6.15,1.99,-1.99,-2.17,-8.15,-8.14,-8.14
297,-6.16,1.98,-6.17,1.97,-1.97,-2.17,-8.13,-8.14,-8.14
300,-6.16,1.98,-6.19,1.95,-1.95,-2.17,-8.11,-8.14,-8.14
303,-6.16,1.98,-6.22,1.92,-1.92,-2.17,-8.08,-8.14,-8.14
306,-6.16,1.98,-6.24,1.90,-1.90,-2.17,-8.06,-8.14,-8.14
309,-6.16,1.98,-6.27,1.87,-1.87,-2.17,-8.03,-8.14,-8.14
312,-6.21,1.93,-6.30,1.84,-1.84,-2.18,-8.05,-8.14,-8.14
316,-6.35,1.79,-6.34,1.80,-1.80,-2.18,-8.15,-8.14,-8.14
319,-6.46,1.68,-6.37,1.77,-1.77,-2.19,-8.23,-8.14,-8.14
322,-6.49,1.65,-6.40,1.74,-1.74,-2.20,-8.23,-8.14,-8.14
325,-6.49,1.65,-6.43,1.71,-1.71,-2.20,-8.20,-8.14,-8.14
328,-6.49,1.65,-6.45,1.69,-1.69,-2.21,-8.18,-8.14,-8.14
332,-6.49,1.65,-6.47,1.67,-1.67,-2.23,-8.16,-8.14,-8.14
335,-6.49,1.65,-6.49,1.66,-1.66,-2.24,-8.15,-8.14,-8.14
338,-6.49,1.65,-6.50,1.65,-1.65,-2.25,-8.14,-8.14,-8.14
342,-6.49,1.65,-6.50,1.64,-1.64,-2.27,-8.13,-8.14,-8.14
345,-6.49,1.65,-6.50,1.64,-1.64,-2.29,-8.13,-8.14,-8.14
349,-6.49,1.65,-6.50,1.64,-1.64,-2.31,-8.13,-8.14,-8.14
352,-6.49,1.65,-6.50,1.64,-1.64,-2.33,-8.13,-8.14,-8.14
356,-6.49,1.65,-6.50,1.64,-1.64,-2.35,-8.13,-8.14,-8.14
359,-6.49,1.65,-6.50,1.64,-1.64,-2.37,-8.13,-8.14,-8.14
363,-6.49,1.65,-6.50,1.64,-1.64,-2.40,-8.13,-8.14,-8.14
366,-6.49,1.65,-6.50,1.64,-1.64,-2.42,-8.13,-8.14,-8.14
370,-6.49,1.65,-6.50,1.64,-1.64,-2.45,-8.13,-8.14,-8.14
374,-6.49,1.65,-6.50,1.64,-1.64,-2.48,-8.13,-8.14,-8.14
377,-6.49,1.65,-6.50,1.64,-1.64,-2.51,-8.13,-8.14,-8.14
381,-6.49,1.65,-6.50,1.64,-1.64,-2.54,-8.13,-8.14,-8.14
385,-6.49,1.65,-6.49,1.65,-1.65,-2.58,-8.14,-8.14,-8.14
389,-6.49,1.65,-6.48,1.66,-1.66,-2.62,-8.15,-8.14,-8.14
393,-6.49,1.65,-6.46,1.68,-1.68,-2.66,-8.17,-8.14,-8.14
397,-6.49,1.65,-6.44,1.70,-1.70,-2.69,-8.19,-8.14,-8.14
401,-6.49,1.65,-6.41,1.73,-1.73,-2.73,-8.22,-8.14,-8.14
405,-6.41,1.73,-6.37,1.77,-1.77,-2.78,-8.18,-8.14,-8.14
409,-6.30,1.84,-6.33,1.81,-1.81,-2.82,-8.11,-8.14,-8.14
413,-6.19,1.95,-6.28,1.86,-1.86,-2.86,-8.05,-8.14,-8.14
417,-6.16,1.98,-6.23,1.91,-1.91,-2.90,-8.07,-8.14,-8.14
421,-6.16,1.98,-6.17,1.97,-1.97,-2.95,-8.13,-8.14,-8.14
425,-6.16,1.98,-6.10,2.04,-2.04,-2.99,-8.20,-8.14,-8.14
430,-6.06,2.08,-6.03,2.11,-2.11,-3.04,-8.17,-8.14,-8.14
434,-5.95,2.19,-5.95,2.19,-2.19,-3.09,-8.14,-8.14,-8.14
438,-5.85,2.29,-5.87,2.27,-2.27,-3.13,-8.12,-8.14,-8.14
443,-5.84,2.30,-5.78,2.36,-2.36,-3.19,-8.20,-8.14,-8.14
447,-5.73,2.41,-5.69,2.45,-2.45,-3.23,-8.18,-8.14,-8.14
451,-5.53,2.61,-5.60,2.54,-2.54,-3.27,-8.07,-8.14,-8.14
456,-5.51,2.63,-5.50,2.64,-2.64,-3.33,-8.15,-8.14,-8.14
460,-5.41,2.73,-5.40,2.75,-2.75,-3.37,-8.16,-8.14,-8.14
465,-5.19,2.95,-5.29,2.85,-2.85,-3.42,-8.04,-8.14,-8.14
470,-5.19,2.95,-5.18,2.96,-2.96,-3.47,-8.15,-8.14,-8.14
474,-5.12,3.02,-5.07,3.07,-3.07,-3.52,-8.19,-8.14,-8.14
479,-5.00,3.14,-4.95,3.19,-3.19,-3.56,-8.19,-8.14,-8.14
484,-4.89,3.25,-4.84,3.30,-3.30,-3.61,-8.19,-8.14,-8.14
489,-4.67,3.47,-4.72,3.42,-3.42,-3.66,-8.09,-8.14,-8.14
494,-4.54,3.60,-4.61,3.54,-3.54,-3.71,-8.08,-8.14,-8.14
499,-4.54,3.60,-4.49,3.65,-3.65,-3.75,-8.19,-8.14,-8.14
504,-4.32,3.82,-4.37,3.77,-3.77,-3.80,-8.09,-8.14,-8.14
509,-4.22,3.92,-4.25,3.89,-3.89,-3.84,-8.11,-8.14,-8.14
514,-4.20,3.94,-4.14,4.01,-4.01,-3.88,-8.21,-8.14,-8.14
519,-3.98,4.16,-4.02,4.12,-4.12,-3.92,-8.10,-8.14,-8.14
524,-3.89,4.25,-3.90,4.24,-4.24,-3.96,-8.13,-8.14,-8.14
529,-3.87,4.27,-3.79,4.35,-4.35,-4.00,-8.22,-8.14,-8.14
535,-3.62,4.52,-3.67,4.47,-4.47,-4.05,-8.09,-8.14,-8.14
540,-3.57,4.57,-3.56,4.58,-4.58,-4.09,-8.15,-8.14,-8.14
545,-3.52,4.62,-3.45,4.69,-4.69,-4.13,-8.21,-8.14,-8.14
551,-3.28,4.86,-3.34,4.80,-4.80,-4.18,-8.08,-8.14,-8.14
556,-3.24,4.90,-3.23,4.91,-4.91,-4.22,-8.15,-8.14,-8.14
562,-3.15,4.99,-3.13,5.01,-5.01,-4.26,-8.16,-8.14,-8.14
568,-2.92,5.22,-3.03,5.11,-5.11,-4.31,-8.03,-8.14,-8.14
573,-2.92,5.22,-2.93,5.21,-5.21,-4.35,-8.13,-8.14,-8.14
579,-2.86,5.28,-2.84,5.30,-5.30,-4.40,-8.16,-8.14,-8.14
585,-2.75,5.39,-2.74,5.40,-5.40,-4.46,-8.15,-8.14,-8.14
591,-2.63,5.51,-2.65,5.49,-5.49,-4.51,-8.12,-8.14,-8.14
596,-2.59,5.55,-2.56,5.58,-5.58,-4.56,-8.17,-8.14,-8.14
602,-2.57,5.57,-2.48,5.66,-5.66,-4.61,-8.23,-8.14,-8.14
608,-2.35,5.79,-2.39,5.75,-5.75,-4.67,-8.10,-8.14,-8.14
615,-2.27,5.87,-2.30,5.84,-5.84,-4.74,-8.11,-8.14,-8.14
621,-2.23,5.91,-2.21,5.93,-5.93,-4.80,-8.16,-8.14,-8.14
627,-2.12,6.02,-2.13,6.02,-6.02,-4.87,-8.14,-8.14,-8.14
633,-2.02,6.12,-2.04,6.10,-6.10,-4.93,-8.12,-8.14,-8.14
639,-1.95,6.19,-1.95,6.19,-6.19,-5.00,-8.14,-8.14,-8.14
646,-1.95,6.19,-1.86,6.28,-6.28,-5.08,-8.23,-8.14,-8.14
652,-1.75,6.39,-1.77,6.37,-6.37,-5.16,-8.12,-8.14,-8.14
659,-1.62,6.52,-1.69,6.45,-6.45,-5.25,-8.07,-8.14,-8.14
665,-1.62,6.52,-1.60,6.54,-6.54,-5.32,-8.16,-8.14,-8.14
672,-1.50,6.64,-1.51,6.63,-6.63,-5.42,-8.13,-8.14,-8.14
679,-1.39,6.75,-1.42,6.72,-6.72,-5.52,-8.11,-8.14,-8.14
686,-1.30,6.84,-1.33,6.81,-6.81,-5.62,-8.11,-8.14,-8.14
692,-1.30,6.84,-1.24,6.90,-6.90,-5.71,-8.20,-8.14,-8.14
699,-1.22,6.92,-1.15,6.99,-6.99,-5.82,-8.21,-8.14,-8.14
706,-1.11,7.03,-1.06,7.08,-7.08,-5.93,-8.19,-8.14,-8.14
713,-1.00,7.14,-0.98,7.17,-7.17,-6.04,-8.17,-8.14,-8.14
721,-0.87,7.27,-0.89,7.25,-7.25,-6.17,-8.12,-8.14,-8.14
728,-0.76,7.38,-0.80,7.34,-7.34,-6.29,-8.10,-8.14,-8.14
735,-0.65,7.49,-0.72,7.42,-7.42,-6.42,-8.07,-8.14,-8.14
742,-0.65,7.49,-0.64,7.50,-7.50,-6.54,-8.15,-8.14,-8.14
750,-0.59,7.55,-0.57,7.57,-7.57,-6.69,-8.16,-8.14,-8.14
757,-0.48,7.66,-0.50,7.64,-7.64,-6.82,-8.12,-8.14,-8.14
765,-0.37,7.77,-0.43,7.71,-7.71,-6.97,-8.08,-8.14,-8.14
773,-0.32,7.82,-0.37,7.78,-7.78,-7.13,-8.10,-8.14,-8.14
780,-0.32,7.82,-0.30,7.84,-7.84,-7.27,-8.16,-8.14,-8.14
788,-0.32,7.82,-0.24,7.90,-7.90,-7.43,-8.22,-8.14,-8.14
796,-0.24,7.90,-0.18,7.96,-7.96,-7.59,-8.20,-8.14,-8.14
804,-0.13,8.01,-0.13,8.02,-8.02,-7.76,-8.15,-8.14,-8.14
812,-0.02,8.12,-0.07,8.07,-8.07,-7.92,-8.09,-8.14,-8.14
820,0.00,8.14,-0.01,8.13,-8.13,-8.09,-8.13,-8.14,-8.14
828,0.00,8.14,0.05,8.19,-8.19,-8.26,-8.19,-8.14,-8.14
837,0.00,8.14,0.10,8.24,-8.24,-8.45,-8.24,-8.14,-8.14
845,0.11,8.25,0.15,8.29,-8.29,-8.61,-8.18,-8.14,-8.14
853,0.22,8.36,0.20,8.34,-8.34,-8.78,-8.12,-8.14,-8.14
862,0.32,8.46,0.24,8.38,-8.38,-8.96,-8.06,-8.14,-8.14
871,0.32,8.46,0.27,8.41,-8.41,-9.14,-8.09,-8.14,-8.14
879,0.32,8.46,0.30,8.44,-8.44,-9.30,-8.12,-8.14,-8.14
888,0.32,8.46,0.31,8.45,-8.45,-9.46,-8.13,-8.14,-8.14
897,0.32,8.46,0.31,8.46,-8.46,-9.62,-8.14,-8.14,-8.14
906,0.32,8.46,0.31,8.45,-8.45,-9.77,-8.13,-8.14,-8.14
915,0.32,8.46,0.29,8.44,-8.44,-9.91,-8.12,-8.14,-8.14
924,0.32,8.46,0.27,8.41,-8.41,-10.04,-8.09,-8.14,-8.14
933,0.32,8.46,0.24,8.39,-8.39,-10.15,-8.07,-8.14,-8.14
943,0.27,8.41,0.21,8.35,-8.35,-10.25,-8.08,-8.14,-8.14
952,0.17,8.31,0.18,8.32,-8.32,-10.33,-8.15,-8.14,-8.14
962,0.05,8.19,0.14,8.28,-8.28,-10.39,-8.23,-8.14,-8.14
971,0.00,8.14,0.11,8.25,-8.25,-10.43,-8.25,-8.14,-8.14
981,0.00,8.14,0.08,8.22,-8.22,-10.45,-8.22,-8.14,-8.14
991,0.00,8.14,0.05,8.19,-8.19,-10.44,-8.19,-8.14,-8.14
1001,0.00,8.14,0.03,8.17,-8.17,-10.41,-8.17,-8.14,-8.14
1011,0.00,8.14,0.01,8.15,-8.15,-10.36,-8.15,-8.14,-8.14
1021,0.00,8.14,-0.01,8.13,-8.13,-10.28,-8.13,-8.14,-8.14
1031,0.00,8.14,-0.03,8.11,-8.11,-10.18,-8.11,-8.14,-8.14
1041,0.00,8.14,-0.05,8.09,-8.09,-10.06,-8.09,-8.14,-8.14
1052,0.00,8.14,-0.07,8.07,-8.07,-9.90,-8.07,-8.14,-8.14
1062,0.00,8.14,-0.10,8.04,-8.04,-9.74,-8.04,-8.14,-8.14
1073,-0.05,8.09,-0.12,8.02,-8.02,-9.55,-8.07,-8.14,-8.14
1084,-0.17,7.97,-0.15,7.99,-7.99,-9.35,-8.16,-8.14,-8.14
1094,-0.27,7.87,-0.18,7.97,-7.97,-9.15,-8.24,-8.14,-8.14
1105,-0.32,7.82,-0.20,7.94,-7.94,-8.92,-8.26,-8.14,-8.14
1116,-0.32,7.82,-0.23,7.91,-7.91,-8.69,-8.23,-8.14,-8.14
1128,-0.32,7.82,-0.27,7.87,-7.87,-8.42,-8.19,-8.14,-8.14
1139,-0.32,7.82,-0.30,7.84,-7.84,-8.18,-8.16,-8.14,-8.14
1150,-0.32,7.82,-0.34,7.80,-7.80,-7.93,-8.12,-8.14,-8.14
1162,-0.32,7.82,-0.38,7.76,-7.76,-7.65,-8.08,-8.14,-8.14
1173,-0.32,7.82,-0.43,7.71,-7.71,-7.40,-8.03,-8.14,-8.14
1185,-0.40,7.74,-0.49,7.65,-7.65,-7.13,-8.05,-8.14,-8.14
1197,-0.62,7.52,-0.55,7.59,-7.59,-6.86,-8.21,-8.14,-8.14
1209,-0.65,7.49,-0.62,7.52,-7.52,-6.59,-8.17,-8.14,-8.14
1221,-0.70,7.44,-0.71,7.43,-7.43,-6.32,-8.13,-8.14,-8.14
1233,-0.81,7.33,-0.80,7.34,-7.34,-6.06,-8.15,-8.14,-8.14
1246,-0.93,7.21,-0.91,7.23,-7.23,-5.77,-8.16,-8.14,-8.14
1258,-1.04,7.10,-1.03,7.11,-7.11,-5.52,-8.15,-8.14,-8.14
1271,-1.15,6.99,-1.16,6.98,-6.98,-5.24,-8.13,-8.14,-8.14
1283,-1.26,6.88,-1.31,6.83,-6.83,-4.99,-8.09,-8.14,-8.14
1296,-1.45,6.69,-1.46,6.68,-6.68,-4.73,-8.13,-8.14,-8.14
1309,-1.65,6.49,-1.63,6.51,-6.51,-4.47,-8.16,-8.14,-8.14
1322,-1.76,6.38,-1.81,6.33,-6.33,-4.21,-8.09,-8.14,-8.14
1335,-1.95,6.19,-2.00,6.14,-6.14,-3.96,-8.09,-8.14,-8.14
1349,-2.19,5.95,-2.19,5.95,-5.95,-3.69,-8.14,-8.14,-8.14
1362,-2.40,5.74,-2.40,5.74,-5.74,-3.45,-8.14,-8.14,-8.14
1376,-2.64,5.50,-2.61,5.53,-5.53,-3.19,-8.17,-8.14,-8.14
1390,-2.86,5.28,-2.82,5.32,-5.32,-2.93,-8.18,-8.14,-8.14
1404,-3.09,5.05,-3.04,5.10,-5.10,-2.68,-8.19,-8.14,-8.14
1418,-3.31,4.83,-3.27,4.87,-4.87,-2.44,-8.18,-8.14,-8.14
1432,-3.54,4.60,-3.50,4.64,-4.64,-2.20,-8.18,-8.14,-8.14
1446,-3.76,4.38,-3.74,4.40,-4.40,-1.96,-8.16,-8.14,-8.14
1461,-3.99,4.15,-3.98,4.16,-4.16,-1.71,-8.15,-8.14,-8.14
1475,-4.20,3.94,-4.23,3.91,-3.91,-1.48,-8.11,-8.14,-8.14
1490,-4.43,3.71,-4.49,3.65,-3.65,-1.24,-8.08,-8.14,-8.14
1505,-4.66,3.48,-4.75,3.39,-3.39,-1.00,-8.05,-8.14,-8.14
1520,-4.97,3.17,-5.02,3.12,-3.12,-0.76,-8.09,-8.14,-8.14
1535,-5.31,2.83,-5.30,2.84,-2.84,-0.53,-8.15,-8.14,-8.14
1550,-5.64,2.50,-5.59,2.55,-2.55,-0.30,-8.19,-8.14,-8.14
1566,-5.88,2.26,-5.89,2.25,-2.25,-0.06,-8.13,-8.14,-8.14
1582,-6.17,1.97,-6.19,1.95,-1.95,0.18,-8.12,-8.14,-8.14
1597,-6.49,1.65,-6.49,1.65,-1.65,0.39,-8.14,-8.14,-8.14
1613,-6.82,1.32,-6.80,1.34,-1.34,0.62,-8.16,-8.14,-8.14
1629,-7.10,1.04,-7.11,1.03,-1.03,0.85,-8.13,-8.14,-8.14
1646,-7.36,0.78,-7.42,0.72,-0.72,1.08,-8.08,-8.14,-8.14
1662,-7.80,0.34,-7.72,0.42,-0.42,1.30,-8.22,-8.14,-8.14
1679,-8.10,0.04,-8.03,0.11,-0.11,1.52,-8.21,-8.14,-8.14
1696,-8.33,-0.19,-8.33,-0.19,0.19,1.74,-8.14,-8.14,-8.14
1713,-8.56,-0.42,-8.62,-0.48,0.48,1.95,-8.08,-8.14,-8.14
1730,-8.96,-0.82,-8.92,-0.78,0.78,2.16,-8.18,-8.14,-8.14
1747,-9.32,-1.18,-9.21,-1.07,1.07,2.36,-8.25,-8.14,-8.14
1764,-9.54,-1.40,-9.50,-1.36,1.36,2.55,-8.18,-8.14,-8.14
1782,-9.77,-1.63,-9.79,-1.65,1.65,2.75,-8.12,-8.14,-8.14
1800,-10.00,-1.86,-10.08,-1.94,1.94,2.94,-8.06,-8.14,-8.14
1818,-10.23,-2.09,-10.37,-2.22,2.22,3.12,-8.01,-8.14,-8.14
1836,-10.68,-2.54,-10.65,-2.51,2.51,3.29,-8.17,-8.14,-8.14
1854,-10.99,-2.85,-10.95,-2.80,2.80,3.46,-8.19,-8.14,-8.14
1873,-11.22,-3.08,-11.24,-3.10,3.10,3.62,-8.12,-8.14,-8.14
1892,-11.45,-3.31,-11.53,-3.39,3.39,3.77,-8.06,-8.14,-8.14
1911,-11.84,-3.70,-11.83,-3.68,3.68,3.91,-8.16,-8.14,-8.14
1930,-12.22,-4.08,-12.12,-3.98,3.98,4.04,-8.24,-8.14,-8.14
1949,-12.44,-4.30,-12.41,-4.27,4.27,4.15,-8.17,-8.14,-8.14
1969,-12.67,-4.53,-12.71,-4.57,4.57,4.26,-8.10,-8.14,-8.14
1988,-12.93,-4.79,-13.00,-4.86,4.86,4.36,-8.07,-8.14,-8.14
2008,-13.27,-5.13,-13.28,-5.14,5.14,4.44,-8.13,-8.14,-8.14
2028,-13.61,-5.47,-13.57,-5.43,5.43,4.52,-8.18,-8.14,-8.14
2048,-13.89,-5.75,-13.85,-5.71,5.65,4.58,-8.24,-8.20,-8.14
2069,-14.12,-5.98,-14.13,-5.99,5.82,4.64,-8.30,-8.31,-8.14
2090,-14.35,-6.21,-14.40,-6.26,5.91,4.68,-8.44,-8.49,-8.14
2111,-14.64,-6.50,-14.66,-6.52,5.96,4.71,-8.68,-8.71,-8.14
2132,-14.96,-6.82,-14.92,-6.78,5.99,4.74,-8.97,-8.94,-8.14
2153,-15.18,-7.04,-15.18,-7.04,6.00,4.76,-9.18,-9.18,-8.14
2175,-15.41,-7.27,-15.42,-7.28,6.00,4.77,-9.41,-9.42,-8.14
2196,-15.62,-7.48,-15.65,-7.51,6.00,4.77,-9.62,-9.65,-8.14
2218,-15.85,-7.71,-15.88,-7.74,6.00,4.77,-9.85,-9.88,-8.14
2240,-16.07,-7.93,-16.09,-7.95,6.00,4.76,-10.07,-10.09,-8.14
2263,-16.30,-8.16,-16.29,-8.15,6.00,4.74,-10.30,-10.29,-8.14
2285,-16.52,-8.38,-16.47,-8.33,6.00,4.73,-10.52,-10.47,-8.14
2308,-16.64,-8.50,-16.63,-8.49,6.00,4.71,-10.64,-10.63,-8.14
2331,-16.76,-8.62,-16.77,-8.63,6.00,4.69,-10.76,-10.77,-8.14
2355,-16.88,-8.74,-16.90,-8.76,6.00,4.66,-10.88,-10.90,-8.14
2378,-17.10,-8.96,-17.00,-8.86,6.00,4.64,-11.10,-11.00,-8.14
2402,-17.19,-9.05,-17.09,-8.95,6.00,4.61,-11.19,-11.09,-8.14
2426,-17.19,-9.05,-17.15,-9.01,6.00,4.59,-11.19,-11.15,-8.14
2450,-17.19,-9.05,-17.19,-9.05,6.00,4.56,-11.19,-11.19,-8.14
2475,-17.19,-9.05,-17.21,-9.07,6.00,4.54,-11.19,-11.21,-8.14
2500,-17.19,-9.05,-17.22,-9.08,6.00,4.52,-11.19,-11.22,-8.14
2525,-17.19,-9.05,-17.21,-9.07,6.00,4.50,-11.19,-11.21,-8.14
2550,-17.19,-9.05,-17.19,-9.05,6.00,4.48,-11.19,-11.19,-8.14
2575,-17.19,-9.05,-17.16,-9.02,6.00,4.47,-11.19,-11.16,-8.14
2601,-17.19,-9.05,-17.12,-8.98,6.00,4.45,-11.19,-11.12,-8.14
2627,-17.08,-8.94,-17.07,-8.93,6.00,4.44,-11.08,-11.07,-8.14
2653,-16.97,-8.83,-17.02,-8.88,6.00,4.44,-10.97,-11.02,-8.14
2680,-16.86,-8.72,-16.96,-8.82,6.00,4.44,-10.86,-10.96,-8.14
2707,-16.86,-8.72,-16.91,-8.76,6.00,4.44,-10.86,-10.91,-8.14
2734,-16.86,-8.72,-16.85,-8.70,6.00,4.44,-10.86,-10.85,-8.14
2761,-16.85,-8.71,-16.79,-8.64,6.00,4.45,-10.85,-10.79,-8.14
2789,-16.73,-8.59,-16.73,-8.58,6.00,4.46,-10.73,-10.73,-8.14
2817,-16.62,-8.48,-16.67,-8.52,6.00,4.48,-10.62,-10.67,-8.14
2845,-16.54,-8.40,-16.61,-8.46,6.00,4.50,-10.54,-10.61,-8.14
2873,-16.54,-8.40,-16.55,-8.41,6.00,4.52,-10.54,-10.55,-8.14
2902,-16.54,-8.40,-16.49,-8.35,6.00,4.55,-10.54,-10.49,-8.14
2931,-16.54,-8.40,-16.43,-8.29,6.00,4.59,-10.54,-10.43,-8.14
2960,-16.54,-8.40,-16.38,-8.24,6.00,4.62,-10.54,-10.38,-8.14
2990,-16.32,-8.18,-16.34,-8.20,6.00,4.66,-10.32,-10.34,-8.14
3020,-16.22,-8.08,-16.30,-8.16,6.00,4.71,-10.22,-10.30,-8.14
3050,-16.22,-8.08,-16.27,-8.13,6.00,4.76,-10.22,-10.27,-8.14
3080,-16.22,-8.08,-16.25,-8.11,6.00,4.81,-10.22,-10.25,-8.14
3111,-16.22,-8.08,-16.24,-8.10,6.00,4.86,-10.22,-10.24,-8.14
3142,-16.22,-8.08,-16.25,-8.11,6.00,4.92,-10.22,-10.25,-8.14
3174,-16.22,-8.08,-16.27,-8.13,6.00,4.98,-10.22,-10.27,-8.14
3206,-16.30,-8.16,-16.31,-8.17,6.00,5.05,-10.30,-10.31,-8.14
3238,-16.41,-8.27,-16.36,-8.22,6.00,5.12,-10.41,-10.36,-8.14
3270,-16.52,-8.38,-16.44,-8.29,6.00,5.18,-10.52,-10.44,-8.14
3303,-16.54,-8.40,-16.53,-8.39,6.00,5.26,-10.54,-10.53,-8.14
3336,-16.64,-8.50,-16.65,-8.51,6.00,5.33,-10.64,-10.65,-8.14
3369,-16.86,-8.72,-16.80,-8.66,6.00,5.40,-10.86,-10.80,-8.14
3403,-16.97,-8.83,-16.98,-8.84,6.00,5.48,-10.97,-10.98,-8.14
3437,-17.15,-9.01,-17.20,-9.06,6.00,5.55,-11.15,-11.20,-8.14
3471,-17.37,-9.23,-17.45,-9.31,6.00,5.62,-11.37,-11.45,-8.14
3506,-17.60,-9.46,-17.74,-9.60,6.00,5.70,-11.60,-11.74,-8.14
3541,-17.82,-9.68,-18.06,-9.92,6.00,5.77,-11.82,-12.06,-8.14
3576,-18.06,-9.92,-18.41,-10.27,6.00,5.83,-12.06,-12.41,-8.14
3612,-18.40,-10.26,-18.76,-10.62,6.00,5.90,-12.40,-12.76,-8.14
3648,-18.74,-10.60,-19.12,-10.97,6.00,5.96,-12.74,-13.12,-8.14
3685,-19.12,-10.98,-19.44,-11.30,6.00,6.01,-13.12,-13.44,-8.14
3721,-19.55,-11.41,-19.72,-11.57,6.00,6.06,-13.55,-13.72,-8.14
3759,-20.01,-11.87,-19.92,-11.78,6.00,6.10,-14.01,-13.92,-8.14
3796,-20.36,-12.22,-20.02,-11.88,6.00,6.14,-14.36,-14.02,-8.14
3834,-20.59,-12.45,-20.01,-11.87,6.00,6.16,-14.59,-14.01,-8.14
3873,-20.71,-12.57,-19.87,-11.73,6.00,6.18,-14.71,-13.87,-8.14
3911,-20.52,-12.38,-19.60,-11.46,6.00,6.19,-14.52,-13.60,-8.14
3950,-20.04,-11.90,-19.19,-11.05,6.00,6.19,-14.04,-13.19,-8.14
3990,-19.25,-11.11,-18.67,-10.53,6.00,6.18,-13.25,-12.67,-8.14
4030,-18.31,-10.17,-18.04,-9.90,6.00,6.16,-12.31,-12.04,-8.14
4070,-17.29,-9.15,-17.34,-9.20,6.00,6.13,-11.29,-11.34,-8.14
4111,-16.15,-8.01,-16.60,-8.45,6.00,6.08,-10.15,-10.60,-8.14
4152,-15.29,-7.15,-15.83,-7.69,6.00,6.03,-9.29,-9.83,-8.14
4193,-14.51,-6.37,-15.08,-6.94,5.89,5.97,-8.62,-9.19,-8.14
4235,-13.73,-5.59,-14.37,-6.22,5.64,5.90,-8.09,-8.72,-8.14
4278,-13.23,-5.09,-13.71,-5.56,5.26,5.83,-7.97,-8.45,-8.14
4321,-12.82,-4.68,-13.11,-4.97,4.82,5.74,-8.00,-8.29,-8.14
4364,-12.49,-4.35,-12.60,-4.45,4.40,5.65,-8.09,-8.19,-8.14
4407,-12.05,-3.91,-12.15,-4.01,4.01,5.55,-8.04,-8.14,-8.14
4451,-11.78,-3.64,-11.78,-3.64,3.64,5.45,-8.14,-8.14,-8.14
4496,-11.65,-3.51,-11.47,-3.33,3.33,5.33,-8.32,-8.14,-8.14
4541,-11.43,-3.29,-11.22,-3.08,3.08,5.22,-8.35,-8.14,-8.14
4586,-11.20,-3.06,-11.02,-2.88,2.88,5.11,-8.32,-8.14,-8.14
4632,-10.98,-2.84,-10.86,-2.72,2.72,4.99,-8.26,-8.14,-8.14
4679,-10.75,-2.61,-10.73,-2.59,2.59,4.86,-8.16,-8.14,-8.14
4725,-10.70,-2.56,-10.63,-2.49,2.49,4.74,-8.21,-8.14,-8.14
4773,-10.63,-2.49,-10.56,-2.42,2.42,4.62,-8.21,-8.14,-8.14
4820,-10.41,-2.27,-10.52,-2.38,2.38,4.49,-8.03,-8.14,-8.14
4868,-10.38,-2.24,-10.50,-2.36,2.36,4.37,-8.02,-8.14,-8.14
4917,-10.38,-2.24,-10.52,-2.37,2.37,4.25,-8.01,-8.14,-8.14
4966,-10.38,-2.24,-10.55,-2.41,2.41,4.12,-7.97,-8.14,-8.14
5016,-10.49,-2.35,-10.60,-2.46,2.46,4.00,-8.03,-8.14,-8.14
5066,-10.60,-2.46,-10.68,-2.53,2.53,3.88,-8.07,-8.14,-8.14
5117,-10.73,-2.59,-10.76,-2.62,2.62,3.76,-8.11,-8.14,-8.14
5168,-10.95,-2.81,-10.84,-2.70,2.70,3.65,-8.25,-8.14,-8.14
5220,-11.03,-2.89,-10.92,-2.78,2.78,3.53,-8.25,-8.14,-8.14
5272,-11.08,-2.94,-11.00,-2.86,2.86,3.42,-8.22,-8.14,-8.14
5325,-11.30,-3.16,-11.06,-2.92,2.92,3.31,-8.38,-8.14,-8.14
5378,-11.35,-3.21,-11.11,-2.97,2.97,3.21,-8.38,-8.14,-8.14
5432,-11.31,-3.17,-11.14,-3.00,3.00,3.10,-8.31,-8.14,-8.14
5486,-11.20,-3.06,-11.15,-3.01,3.01,3.00,-8.19,-8.14,-8.14
5541,-11.09,-2.95,-11.15,-3.01,3.01,2.90,-8.08,-8.14,-8.14
5596,-11.03,-2.89,-11.13,-2.99,2.99,2.81,-8.04,-8.14,-8.14
5652,-11.03,-2.89,-11.11,-2.97,2.97,2.71,-8.06,-8.14,-8.14
5709,-11.03,-2.89,-11.08,-2.94,2.94,2.62,-8.09,-8.14,-8.14
5766,-11.03,-2.89,-11.06,-2.92,2.92,2.53,-8.11,-8.14,-8.14
5823,-11.03,-2.89,-11.03,-2.89,2.89,2.45,-8.14,-8.14,-8.14
5882,-11.03,-2.89,-11.02,-2.88,2.88,2.36,-8.15,-8.14,-8.14
5940,-11.03,-2.89,-11.02,-2.87,2.87,2.28,-8.16,-8.14,-8.14
6000,-11.03,-2.89,-11.02,-2.88,2.88,2.20,-8.15,-8.14,-8.14
6060,-11.03,-2.89,-11.05,-2.90,2.90,2.12,-8.13,-8.14,-8.14
6120,-11.03,-2.89,-11.08,-2.94,2.94,2.05,-8.09,-8.14,-8.14
6182,-11.07,-2.93,-11.13,-2.99,2.99,1.98,-8.08,-8.14,-8.14
6244,-11.18,-3.04,-11.20,-3.06,3.06,1.90,-8.12,-8.14,-8.14
6306,-11.29,-3.15,-11.29,-3.15,3.15,1.84,-8.14,-8.14,-8.14
6369,-11.40,-3.26,-11.39,-3.25,3.25,1.77,-8.15,-8.14,-8.14
6433,-11.52,-3.38,-11.51,-3.37,3.37,1.71,-8.15,-8.14,-8.14
6497,-11.63,-3.49,-11.66,-3.51,3.51,1.64,-8.12,-8.14,-8.14
6562,-11.81,-3.67,-11.82,-3.68,3.68,1.58,-8.13,-8.14,-8.14
6628,-12.02,-3.88,-12.00,-3.86,3.75,1.52,-8.27,-8.24,-8.14
6694,-12.13,-3.99,-12.20,-4.06,3.73,1.47,-8.40,-8.46,-8.14
6761,-12.32,-4.18,-12.41,-4.27,3.61,1.41,-8.71,-8.80,-8.14
6828,-12.54,-4.40,-12.64,-4.50,3.40,1.36,-9.14,-9.24,-8.14
6897,-12.77,-4.63,-12.88,-4.74,3.12,1.30,-9.65,-9.76,-8.14
6966,-12.99,-4.85,-13.13,-4.99,2.77,1.25,-10.22,-10.35,-8.14
7035,-13.29,-5.15,-13.38,-5.24,2.37,1.20,-10.92,-11.01,-8.14
7106,-13.75,-5.61,-13.64,-5.50,1.98,1.16,-11.77,-11.66,-8.14
7177,-14.20,-6.06,-13.91,-5.77,1.64,1.11,-12.56,-12.27,-8.14
7249,-14.54,-6.40,-14.18,-6.04,1.33,1.07,-13.21,-12.85,-8.14
7321,-14.76,-6.62,-14.46,-6.32,1.06,1.02,-13.70,-13.40,-8.14
7394,-14.99,-6.85,-14.75,-6.61,0.84,0.98,-14.15,-13.91,-8.14
7468,-15.21,-7.07,-15.05,-6.91,0.66,0.94,-14.55,-14.39,-8.14
7543,-15.44,-7.30,-15.37,-7.23,0.52,0.90,-14.92,-14.85,-8.14
7618,-15.66,-7.52,-15.69,-7.55,0.40,0.87,-15.26,-15.29,-8.14
7694,-15.89,-7.75,-16.03,-7.89,0.31,0.83,-15.58,-15.72,-8.14
7771,-16.14,-8.00,-16.37,-8.23,0.24,0.80,-15.90,-16.14,-8.14
7849,-16.48,-8.34,-16.73,-8.59,0.18,0.76,-16.30,-16.55,-8.14
7928,-16.82,-8.68,-17.09,-8.95,0.14,0.73,-16.68,-16.95,-8.14
8007,-17.15,-9.01,-17.46,-9.32,0.11,0.70,-17.04,-17.36,-8.14
8087,-17.49,-9.35,-17.84,-9.69,0.08,0.68,-17.41,-17.75,-8.14
8168,-17.83,-9.69,-18.21,-10.07,0.06,0.65,-17.77,-18.15,-8.14
8250,-18.22,-10.08,-18.59,-10.45,0.05,0.62,-18.17,-18.54,-8.14
8332,-18.66,-10.52,-18.97,-10.83,0.04,0.60,-18.62,-18.93,-8.14
8415,-19.00,-10.86,-19.34,-11.20,0.03,0.58,-18.97,-19.31,-8.14
8499,-19.40,-11.26,-19.71,-11.57,0.02,0.55,-19.38,-19.69,-8.14
8584,-19.85,-11.71,-20.07,-11.92,0.02,0.53,-19.83,-20.05,-8.14
8670,-20.30,-12.16,-20.41,-12.27,0.01,0.51,-20.29,-20.40,-8.14
8757,-20.75,-12.61,-20.74,-12.60,0.01,0.49,-20.74,-20.73,-8.14
8845,-21.23,-13.09,-21.05,-12.91,0.01,0.48,-21.22,-21.04,-8.14
8933,-21.79,-13.65,-21.34,-13.20,0.01,0.46,-21.78,-21.33,-8.14
9022,-22.08,-13.94,-21.60,-13.46,0.00,0.44,-22.08,-21.60,-8.14
9113,-22.35,-14.21,-21.84,-13.70,0.00,0.43,-22.35,-21.84,-8.14
9204,-22.68,-14.54,-22.05,-13.90,0.00,0.41,-22.68,-22.04,-8.14
9296,-22.70,-14.56,-22.22,-14.08,0.00,0.40,-22.70,-22.22,-8.14
9389,-22.70,-14.56,-22.36,-14.22,0.00,0.39,-22.70,-22.36,-8.14
9483,-22.70,-14.56,-22.46,-14.32,0.00,0.37,-22.70,-22.46,-8.14
9577,-22.70,-14.56,-22.52,-14.38,0.00,0.36,-22.70,-22.52,-8.14
9673,-22.70,-14.56,-22.55,-14.41,0.00,0.35,-22.70,-22.55,-8.14
9770,-22.67,-14.53,-22.54,-14.40,0.00,0.34,-22.67,-22.54,-8.14
9868,-22.44,-14.30,-22.49,-14.35,0.00,0.33,-22.44,-22.49,-8.14
9966,-22.38,-14.24,-22.40,-14.26,0.00,0.32,-22.38,-22.40,-8.14
10066,-22.38,-14.24,-22.28,-14.14,0.00,0.31,-22.38,-22.28,-8.14
10167,-22.38,-14.24,-22.13,-13.99,0.00,0.30,-22.38,-22.13,-8.14
10268,-22.28,-14.14,-21.94,-13.80,0.00,0.29,-22.28,-21.94,-8.14
10371,-22.13,-13.99,-21.72,-13.58,0.00,0.28,-22.13,-21.72,-8.14
10475,-21.90,-13.76,-21.48,-13.34,0.00,0.27,-21.90,-21.48,-8.14
10579,-21.68,-13.54,-21.22,-13.08,0.00,0.26,-21.68,-21.22,-8.14
10685,-21.34,-13.20,-20.94,-12.80,0.00,0.25,-21.34,-20.94,-8.14
10792,-20.89,-12.75,-20.64,-12.50,0.00,0.24,-20.89,-20.64,-8.14
10900,-20.44,-12.30,-20.34,-12.20,0.00,0.23,-20.44,-20.34,-8.14
11009,-19.99,-11.85,-20.03,-11.89,0.00,0.22,-19.99,-20.03,-8.14
11119,-19.54,-11.40,-19.71,-11.57,0.00,0.22,-19.54,-19.71,-8.14
11230,-19.09,-10.95,-19.40,-11.26,0.00,0.21,-19.09,-19.40,-8.14
11343,-18.81,-10.67,-19.10,-10.96,0.00,0.20,-18.81,-19.10,-8.14
11456,-18.55,-10.41,-18.82,-10.67,0.00,0.19,-18.55,-18.82,-8.14
11571,-18.21,-10.07,-18.55,-10.40,0.00,0.18,-18.21,-18.55,-8.14
11686,-18.07,-9.93,-18.30,-10.16,0.00,0.17,-18.07,-18.30,-8.14
11803,-17.95,-9.81,-18.08,-9.94,0.00,0.17,-17.95,-18.08,-8.14
11921,-17.84,-9.70,-17.89,-9.75,0.00,0.16,-17.84,-17.89,-8.14
12040,-17.73,-9.59,-17.73,-9.59,0.00,0.15,-17.73,-17.73,-8.14
12161,-17.62,-9.48,-17.62,-9.48,0.00,0.14,-17.62,-17.62,-8.14
12282,-17.51,-9.37,-17.55,-9.41,0.00,0.13,-17.51,-17.55,-8.14
12405,-17.51,-9.37,-17.52,-9.38,0.00,0.13,-17.51,-17.52,-8.14
12529,-17.51,-9.37,-17.55,-9.41,0.00,0.12,-17.51,-17.55,-8.14
12655,-17.51,-9.37,-17.62,-9.48,0.00,0.11,-17.51,-17.62,-8.14
12781,-17.51,-9.37,-17.75,-9.61,0.00,0.10,-17.51,-17.75,-8.14
12909,-17.68,-9.54,-17.94,-9.80,0.00,0.10,-17.68,-17.94,-8.14
13038,-17.87,-9.73,-18.18,-10.03,0.00,0.09,-17.87,-18.18,-8.14
13168,-17.98,-9.84,-18.47,-10.33,0.00,0.08,-17.98,-18.47,-8.14
13300,-18.19,-10.05,-18.82,-10.68,0.00,0.07,-18.19,-18.82,-8.14
13433,-18.51,-10.37,-19.22,-11.08,0.00,0.06,-18.51,-19.22,-8.14
13567,-18.96,-10.82,-19.67,-11.52,0.00,0.05,-18.96,-19.67,-8.14
13703,-19.41,-11.27,-20.16,-12.02,0.00,0.04,-19.41,-20.16,-8.14
13840,-19.92,-11.78,-20.69,-12.55,0.00,0.04,-19.92,-20.69,-8.14
13978,-20.49,-12.35,-21.27,-13.13,0.00,0.03,-20.49,-21.27,-8.14
14118,-21.28,-13.14,-21.87,-13.73,0.00,0.02,-21.28,-21.87,-8.14
14259,-22.07,-13.93,-22.50,-14.36,0.00,0.01,-22.07,-22.50,-8.14
14402,-22.86,-14.72,-23.14,-15.00,0.00,-0.00,-22.86,-23.14,-8.14
14546,-23.64,-15.50,-23.80,-15.66,0.00,-0.01,-23.64,-23.80,-8.14
14692,-24.52,-16.38,-24.46,-16.32,0.00,-0.03,-24.52,-24.46,-8.14
14838,-25.34,-17.20,-25.12,-16.97,0.00,-0.04,-25.34,-25.12,-8.14
14987,-26.02,-17.88,-25.76,-17.62,0.00,-0.05,-26.02,-25.76,-8.14
15137,-26.69,-18.55,-26.39,-18.25,0.00,-0.06,-26.69,-26.39,-8.14
15288,-27.46,-19.32,-27.00,-18.86,0.00,-0.07,-27.46,-27.00,-8.14
15441,-28.36,-20.22,-27.58,-19.44,0.00,-0.08,-28.36,-27.58,-8.14
15595,-29.04,-20.90,-28.13,-19.99,0.00,-0.09,-29.04,-28.13,-8.14
15751,-29.71,-21.57,-28.64,-20.50,0.00,-0.09,-29.71,-28.64,-8.14
15909,-30.36,-22.22,-29.11,-20.97,0.00,-0.10,-30.36,-29.11,-8.14
16068,-30.69,-22.55,-29.54,-21.40,0.00,-0.10,-30.69,-29.54,-8.14
16229,-30.96,-22.82,-29.93,-21.79,0.00,-0.10,-30.96,-29.93,-8.14
16391,-31.14,-23.00,-30.27,-22.13,0.00,-0.10,-31.14,-30.27,-8.14
16555,-31.14,-23.00,-30.57,-22.43,0.00,-0.10,-31.14,-30.57,-8.14
16720,-31.14,-23.00,-30.83,-22.69,0.00,-0.09,-31.14,-30.83,-8.14
16888,-31.14,-23.00,-31.05,-22.91,0.00,-0.09,-31.14,-31.05,-8.14
17056,-31.14,-23.00,-31.23,-23.09,0.00,-0.08,-31.14,-31.23,-8.14
17227,-31.14,-23.00,-31.38,-23.24,0.00,-0.07,-31.14,-31.38,-8.14
17399,-31.14,-23.00,-31.50,-23.36,0.00,-0.06,-31.14,-31.50,-8.14
17573,-31.14,-23.00,-31.60,-23.46,0.00,-0.05,-31.14,-31.60,-8.14
17749,-31.25,-23.11,-31.67,-23.53,0.00,-0.05,-31.25,-31.67,-8.14
17926,-31.36,-23.22,-31.72,-23.58,0.00,-0.04,-31.36,-31.72,-8.14
18106,-31.46,-23.32,-31.76,-23.62,0.00,-0.03,-31.46,-31.76,-8.14
18287,-31.46,-23.32,-31.79,-23.65,0.00,-0.03,-31.46,-31.79,-8.14
18470,-31.46,-23.32,-31.81,-23.67,0.00,-0.02,-31.46,-31.81,-8.14
18654,-31.46,-23.32,-31.82,-23.67,0.00,-0.02,-31.46,-31.82,-8.14
18841,-31.46,-23.32,-31.82,-23.68,0.00,-0.02,-31.46,-31.82,-8.14
19029,-31.46,-23.32,-31.81,-23.67,0.00,-0.01,-31.46,-31.81,-8.14
19220,-31.50,-23.36,-31.80,-23.66,0.00,-0.01,-31.50,-31.80,-8.14
19412,-31.61,-23.47,-31.78,-23.64,0.00,-0.01,-31.61,-31.78,-8.14
19606,-31.72,-23.58,-31.75,-23.61,0.00,-0.01,-31.72,-31.75,-8.14
19802,-31.83,-23.69,-31.71,-23.57,0.00,-0.01,-31.83,-31.71,-8.14
20000,-31.95,-23.81,-31.67,-23.53,0.00,-0.00,-31.95,-31.67,-8.14
