frequency,raw,error,smoothed,error_smoothed,equalization,parametric_eq,fixed_band_eq,equalized_raw,equalized_smoothed,target
20.00,-12.93,-11.00,-12.92,-11.00,6.00,6.27,2.72,-6.93,-6.92,-1.93
20.20,-12.80,-10.96,-12.80,-10.95,6.00,6.27,2.80,-6.80,-6.80,-1.84
20.40,-12.66,-10.91,-12.67,-10.91,6.00,6.26,2.88,-6.66,-6.67,-1.76
20.61,-12.54,-10.85,-12.54,-10.86,6.00,6.25,2.96,-6.54,-6.54,-1.69
20.81,-12.41,-10.82,-12.41,-10.81,6.00,6.25,3.05,-6.41,-6.41,-1.60
21.02,-12.29,-10.77,-12.29,-10.76,6.00,6.24,3.13,-6.29,-6.29,-1.52
21.23,-12.16,-10.70,-12.16,-10.70,6.00,6.23,3.22,-6.16,-6.16,-1.46
21.44,-12.03,-10.64,-12.03,-10.63,6.00,6.23,3.32,-6.03,-6.03,-1.40
21.66,-11.91,-10.56,-11.91,-10.56,6.00,6.22,3.41,-5.91,-5.91,-1.35
21.87,-11.77,-10.48,-11.78,-10.48,6.00,6.21,3.51,-5.77,-5.78,-1.30
22.09,-11.65,-10.41,-11.65,-10.40,6.00,6.20,3.61,-5.65,-5.65,-1.25
22.31,-11.52,-10.32,-11.52,-10.32,6.00,6.20,3.71,-5.52,-5.52,-1.20
22.54,-11.40,-10.24,-11.40,-10.24,6.00,6.19,3.82,-5.40,-5.40,-1.16
22.76,-11.27,-10.14,-11.27,-10.15,6.00,6.18,3.93,-5.27,-5.27,-1.12
22.99,-11.15,-10.06,-11.14,-10.06,6.00,6.17,4.04,-5.15,-5.14,-1.09
23.22,-11.02,-9.96,-11.02,-9.96,6.00,6.16,4.15,-5.02,-5.02,-1.05
23.45,-10.89,-9.87,-10.89,-9.87,6.00,6.16,4.27,-4.89,-4.89,-1.01
23.69,-10.76,-9.79,-10.76,-9.78,6.00,6.15,4.39,-4.76,-4.76,-0.97
23.92,-10.62,-9.69,-10.63,-9.70,6.00,6.14,4.51,-4.62,-4.63,-0.93
24.16,-10.49,-9.61,-10.50,-9.61,6.00,6.13,4.63,-4.49,-4.50,-0.88
24.40,-10.37,-9.52,-10.37,-9.52,6.00,6.12,4.76,-4.37,-4.37,-0.85
24.65,-10.25,-9.42,-10.25,-9.42,6.00,6.11,4.88,-4.25,-4.25,-0.82
24.89,-10.11,-9.32,-10.12,-9.33,6.00,6.10,5.01,-4.11,-4.12,-0.79
25.14,-9.99,-9.24,-9.99,-9.23,6.00,6.09,5.14,-3.99,-3.99,-0.75
25.39,-9.86,-9.14,-9.87,-9.15,6.00,6.08,5.27,-3.86,-3.87,-0.72
25.65,-9.75,-9.06,-9.75,-9.05,6.00,6.07,5.41,-3.75,-3.75,-0.69
25.91,-9.63,-8.96,-9.62,-8.96,6.00,6.06,5.54,-3.63,-3.62,-0.67
26.16,-9.49,-8.86,-9.50,-8.87,6.00,6.05,5.67,-3.49,-3.50,-0.64
26.43,-9.38,-8.78,-9.38,-8.77,6.00,6.04,5.81,-3.38,-3.38,-0.60
26.69,-9.26,-8.69,-9.26,-8.69,6.00,6.03,5.94,-3.26,-3.26,-0.57
26.96,-9.14,-8.60,-9.14,-8.60,6.00,6.02,6.07,-3.14,-3.14,-0.54
27.23,-9.02,-8.52,-9.02,-8.51,6.00,6.01,6.19,-3.02,-3.02,-0.50
27.50,-8.90,-8.43,-8.90,-8.42,6.00,6.00,6.32,-2.90,-2.90,-0.47
27.77,-8.77,-8.32,-8.78,-8.33,6.00,5.99,6.44,-2.77,-2.78,-0.45
28.05,-8.66,-8.24,-8.66,-8.24,6.00,5.97,6.56,-2.66,-2.66,-0.41
28.33,-8.54,-8.14,-8.54,-8.15,6.00,5.96,6.66,-2.54,-2.54,-0.39
28.62,-8.42,-8.05,-8.42,-8.05,6.00,5.95,6.77,-2.42,-2.42,-0.36
28.90,-8.30,-7.97,-8.30,-7.97,6.00,5.94,6.87,-2.30,-2.30,-0.32
29.19,-8.18,-7.87,-8.18,-7.88,6.00,5.92,6.96,-2.18,-2.18,-0.31
29.48,-8.07,-7.81,-8.06,-7.80,6.00,5.91,7.03,-2.07,-2.06,-0.26
29.78,-7.96,-7.72,-7.96,-7.72,6.00,5.90,7.11,-1.96,-1.96,-0.24
30.08,-7.85,-7.64,-7.85,-7.64,6.00,5.88,7.17,-1.85,-1.85,-0.21
30.38,-7.75,-7.57,-7.75,-7.57,6.00,5.87,7.22,-1.75,-1.75,-0.18
30.68,-7.65,-7.50,-7.65,-7.49,6.00,5.86,7.26,-1.65,-1.65,-0.15
30.99,-7.55,-7.42,-7.55,-7.42,6.00,5.84,7.29,-1.55,-1.55,-0.13
31.30,-7.45,-7.34,-7.45,-7.34,6.00,5.83,7.30,-1.45,-1.45,-0.10
31.61,-7.35,-7.27,-7.35,-7.27,6.00,5.81,7.31,-1.35,-1.35,-0.07
31.93,-7.25,-7.19,-7.25,-7.19,6.00,5.80,7.30,-1.25,-1.25,-0.06
32.24,-7.15,-7.12,-7.15,-7.12,6.00,5.78,7.29,-1.15,-1.15,-0.04
32.57,-7.06,-7.05,-7.06,-7.05,6.00,5.77,7.26,-1.06,-1.06,-0.01
32.89,-6.96,-6.98,-6.96,-6.98,6.00,5.75,7.22,-0.96,-0.96,0.02
33.22,-6.87,-6.90,-6.86,-6.90,6.00,5.73,7.17,-0.87,-0.86,0.04
33.55,-6.77,-6.82,-6.77,-6.82,6.00,5.72,7.12,-0.77,-0.77,0.06
33.89,-6.68,-6.74,-6.68,-6.75,6.00,5.70,7.05,-0.68,-0.68,0.07
34.23,-6.59,-6.68,-6.58,-6.67,6.00,5.68,6.98,-0.59,-0.58,0.09
34.57,-6.50,-6.60,-6.49,-6.60,6.00,5.66,6.90,-0.50,-0.49,0.10
34.92,-6.40,-6.51,-6.40,-6.52,6.00,5.65,6.82,-0.39,-0.40,0.11
35.27,-6.31,-6.44,-6.31,-6.43,6.01,5.63,6.73,-0.30,-0.30,0.13
35.62,-6.22,-6.34,-6.21,-6.35,6.01,5.61,6.64,-0.20,-0.20,0.13
35.97,-6.13,-6.26,-6.13,-6.27,6.01,5.59,6.54,-0.11,-0.11,0.13
36.33,-6.05,-6.20,-6.05,-6.19,6.01,5.57,6.44,-0.04,-0.04,0.15
36.70,-5.97,-6.12,-5.97,-6.12,5.99,5.55,6.34,0.03,0.03,0.15
37.06,-5.90,-6.04,-5.89,-6.05,5.97,5.53,6.24,0.07,0.07,0.15
37.43,-5.82,-5.97,-5.82,-5.97,5.93,5.51,6.14,0.12,0.11,0.16
37.81,-5.75,-5.90,-5.74,-5.90,5.88,5.49,6.04,0.14,0.14,0.15
38.19,-5.67,-5.82,-5.67,-5.82,5.83,5.47,5.94,0.16,0.16,0.15
38.57,-5.60,-5.75,-5.60,-5.75,5.76,5.44,5.84,0.17,0.17,0.16
38.95,-5.53,-5.68,-5.52,-5.67,5.69,5.42,5.74,0.17,0.17,0.15
39.34,-5.46,-5.60,-5.46,-5.60,5.62,5.40,5.65,0.16,0.16,0.14
39.74,-5.40,-5.53,-5.40,-5.53,5.54,5.37,5.55,0.15,0.15,0.14
40.14,-5.34,-5.47,-5.34,-5.47,5.47,5.35,5.46,0.13,0.14,0.14
40.54,-5.28,-5.41,-5.28,-5.41,5.41,5.33,5.37,0.13,0.13,0.13
40.94,-5.22,-5.34,-5.22,-5.34,5.34,5.30,5.29,0.12,0.13,0.13
41.35,-5.16,-5.28,-5.16,-5.28,5.28,5.28,5.21,0.12,0.12,0.12
41.76,-5.10,-5.22,-5.10,-5.22,5.22,5.25,5.13,0.12,0.12,0.12
42.18,-5.05,-5.16,-5.04,-5.16,5.16,5.22,5.05,0.11,0.12,0.12
42.60,-4.99,-5.09,-4.99,-5.10,5.10,5.20,4.98,0.11,0.11,0.10
43.03,-4.94,-5.04,-4.94,-5.04,5.04,5.17,4.91,0.11,0.10,0.11
43.46,-4.90,-4.99,-4.89,-4.99,4.99,5.14,4.85,0.09,0.10,0.09
43.90,-4.86,-4.94,-4.86,-4.94,4.94,5.11,4.79,0.08,0.08,0.08
44.33,-4.83,-4.89,-4.83,-4.89,4.89,5.08,4.73,0.07,0.07,0.07
44.78,-4.80,-4.86,-4.79,-4.85,4.85,5.06,4.68,0.05,0.06,0.06
45.23,-4.76,-4.80,-4.76,-4.81,4.81,5.03,4.62,0.05,0.05,0.05
45.68,-4.73,-4.77,-4.73,-4.77,4.77,4.99,4.58,0.05,0.05,0.04
46.13,-4.70,-4.73,-4.70,-4.73,4.74,4.96,4.53,0.04,0.04,0.03
46.60,-4.67,-4.70,-4.67,-4.70,4.70,4.93,4.50,0.04,0.03,0.04
47.06,-4.65,-4.68,-4.64,-4.67,4.67,4.90,4.46,0.02,0.03,0.03
47.53,-4.61,-4.63,-4.61,-4.64,4.63,4.87,4.43,0.03,0.02,0.03
48.01,-4.58,-4.61,-4.58,-4.61,4.60,4.83,4.40,0.02,0.02,0.03
48.49,-4.56,-4.58,-4.55,-4.57,4.57,4.80,4.37,0.01,0.02,0.02
48.97,-4.53,-4.54,-4.52,-4.54,4.54,4.76,4.34,0.01,0.01,0.02
49.46,-4.50,-4.50,-4.50,-4.50,4.51,4.73,4.32,0.01,0.01,-0.00
49.96,-4.47,-4.46,-4.47,-4.47,4.48,4.69,4.30,0.01,0.01,-0.01
50.46,-4.45,-4.45,-4.44,-4.45,4.45,4.65,4.29,0.01,0.01,0.00
50.96,-4.42,-4.43,-4.42,-4.43,4.43,4.62,4.27,0.02,0.01,0.02
51.47,-4.41,-4.41,-4.40,-4.42,4.42,4.58,4.26,0.01,0.01,0.01
51.99,-4.39,-4.40,-4.39,-4.40,4.40,4.54,4.25,0.01,0.01,0.01
52.51,-4.37,-4.39,-4.37,-4.39,4.38,4.50,4.24,0.02,0.01,0.02
53.03,-4.36,-4.38,-4.35,-4.38,4.37,4.46,4.23,0.01,0.01,0.02
53.56,-4.34,-4.36,-4.34,-4.36,4.35,4.42,4.22,0.01,0.02,0.02
54.10,-4.32,-4.34,-4.31,-4.33,4.33,4.38,4.21,0.01,0.02,0.02
54.64,-4.29,-4.30,-4.29,-4.31,4.31,4.33,4.20,0.02,0.02,0.01
55.18,-4.27,-4.28,-4.27,-4.28,4.29,4.29,4.19,0.02,0.02,0.01
55.74,-4.26,-4.26,-4.25,-4.26,4.26,4.25,4.18,0.01,0.01,0.00
56.29,-4.24,-4.24,-4.24,-4.23,4.24,4.20,4.17,-0.00,-0.00,0.00
56.86,-4.22,-4.21,-4.22,-4.21,4.21,4.16,4.16,-0.01,-0.01,-0.01
57.42,-4.20,-4.17,-4.20,-4.18,4.18,4.11,4.15,-0.02,-0.02,-0.02
58.00,-4.18,-4.15,-4.17,-4.15,4.14,4.06,4.13,-0.03,-0.03,-0.03
58.58,-4.15,-4.11,-4.15,-4.11,4.11,4.01,4.11,-0.04,-0.04,-0.04
59.16,-4.12,-4.07,-4.11,-4.07,4.07,3.97,4.09,-0.05,-0.05,-0.04
59.76,-4.08,-4.02,-4.08,-4.02,4.02,3.92,4.07,-0.06,-0.06,-0.05
60.35,-4.05,-3.97,-4.04,-3.97,3.97,3.87,4.04,-0.08,-0.08,-0.08
60.96,-4.01,-3.92,-4.01,-3.92,3.92,3.81,4.01,-0.09,-0.09,-0.08
61.57,-3.98,-3.86,-3.97,-3.86,3.86,3.76,3.97,-0.12,-0.12,-0.12
62.18,-3.94,-3.79,-3.93,-3.79,3.80,3.71,3.93,-0.14,-0.13,-0.14
62.80,-3.89,-3.74,-3.89,-3.73,3.74,3.66,3.89,-0.15,-0.15,-0.15
63.43,-3.84,-3.66,-3.84,-3.67,3.67,3.60,3.84,-0.16,-0.17,-0.18
64.07,-3.80,-3.61,-3.79,-3.61,3.61,3.55,3.79,-0.19,-0.18,-0.18
64.71,-3.75,-3.56,-3.74,-3.55,3.54,3.49,3.74,-0.20,-0.20,-0.19
65.35,-3.68,-3.48,-3.68,-3.48,3.47,3.43,3.68,-0.20,-0.20,-0.20
66.01,-3.60,-3.40,-3.60,-3.40,3.40,3.37,3.61,-0.20,-0.20,-0.20
66.67,-3.53,-3.33,-3.52,-3.33,3.32,3.32,3.55,-0.20,-0.20,-0.20
67.33,-3.45,-3.25,-3.45,-3.25,3.25,3.26,3.48,-0.20,-0.20,-0.20
68.01,-3.37,-3.17,-3.36,-3.17,3.17,3.20,3.40,-0.20,-0.20,-0.20
68.69,-3.28,-3.08,-3.28,-3.08,3.08,3.13,3.33,-0.19,-0.19,-0.20
69.37,-3.19,-3.00,-3.19,-3.00,3.00,3.07,3.25,-0.18,-0.18,-0.19
70.07,-3.10,-2.91,-3.10,-2.91,2.92,3.01,3.17,-0.18,-0.18,-0.19
70.77,-3.02,-2.84,-3.02,-2.84,2.84,2.95,3.08,-0.18,-0.18,-0.17
71.48,-2.94,-2.76,-2.94,-2.76,2.76,2.88,3.00,-0.18,-0.18,-0.18
72.19,-2.87,-2.69,-2.86,-2.68,2.68,2.82,2.91,-0.19,-0.18,-0.18
72.91,-2.78,-2.60,-2.78,-2.60,2.60,2.75,2.82,-0.17,-0.18,-0.17
73.64,-2.70,-2.52,-2.70,-2.52,2.52,2.68,2.73,-0.17,-0.17,-0.18
74.38,-2.62,-2.44,-2.62,-2.44,2.44,2.62,2.64,-0.17,-0.17,-0.17
75.12,-2.55,-2.37,-2.54,-2.37,2.36,2.55,2.55,-0.18,-0.18,-0.18
75.87,-2.47,-2.29,-2.47,-2.29,2.29,2.48,2.46,-0.18,-0.18,-0.18
76.63,-2.40,-2.22,-2.39,-2.21,2.21,2.41,2.37,-0.19,-0.18,-0.17
77.40,-2.32,-2.14,-2.31,-2.13,2.14,2.34,2.28,-0.18,-0.18,-0.18
78.17,-2.24,-2.05,-2.24,-2.06,2.07,2.27,2.19,-0.17,-0.17,-0.19
78.95,-2.17,-2.00,-2.16,-1.99,2.00,2.20,2.09,-0.17,-0.17,-0.17
79.74,-2.10,-1.93,-2.10,-1.93,1.93,2.13,2.00,-0.16,-0.17,-0.17
80.54,-2.04,-1.87,-2.04,-1.87,1.87,2.05,1.91,-0.17,-0.17,-0.17
81.35,-1.98,-1.82,-1.97,-1.82,1.81,1.98,1.82,-0.16,-0.16,-0.16
82.16,-1.92,-1.77,-1.91,-1.77,1.76,1.91,1.73,-0.15,-0.15,-0.15
82.98,-1.85,-1.71,-1.85,-1.71,1.72,1.83,1.64,-0.13,-0.13,-0.13
83.81,-1.79,-1.66,-1.79,-1.66,1.67,1.76,1.56,-0.12,-0.12,-0.12
84.65,-1.73,-1.61,-1.73,-1.62,1.63,1.69,1.47,-0.10,-0.10,-0.12
85.50,-1.68,-1.59,-1.68,-1.58,1.58,1.61,1.38,-0.09,-0.09,-0.09
86.35,-1.63,-1.55,-1.62,-1.54,1.54,1.54,1.30,-0.09,-0.09,-0.07
87.22,-1.57,-1.50,-1.57,-1.50,1.49,1.46,1.21,-0.08,-0.08,-0.07
88.09,-1.51,-1.45,-1.50,-1.45,1.44,1.39,1.13,-0.06,-0.06,-0.05
88.97,-1.44,-1.40,-1.44,-1.39,1.40,1.31,1.04,-0.04,-0.04,-0.04
89.86,-1.38,-1.34,-1.38,-1.34,1.35,1.24,0.96,-0.03,-0.03,-0.03
90.76,-1.32,-1.28,-1.32,-1.28,1.30,1.16,0.88,-0.02,-0.02,-0.04
91.66,-1.28,-1.24,-1.28,-1.23,1.24,1.08,0.80,-0.03,-0.03,-0.04
92.58,-1.24,-1.18,-1.23,-1.18,1.18,1.01,0.72,-0.05,-0.05,-0.05
93.51,-1.19,-1.13,-1.19,-1.13,1.12,0.93,0.64,-0.07,-0.07,-0.05
94.44,-1.14,-1.07,-1.14,-1.07,1.05,0.86,0.56,-0.08,-0.08,-0.07
95.39,-1.09,-1.00,-1.08,-0.99,0.98,0.78,0.48,-0.10,-0.10,-0.09
96.34,-1.03,-0.91,-1.03,-0.91,0.91,0.71,0.40,-0.12,-0.12,-0.12
97.30,-0.97,-0.81,-0.97,-0.82,0.82,0.64,0.33,-0.14,-0.14,-0.15
98.28,-0.92,-0.73,-0.92,-0.73,0.74,0.56,0.25,-0.18,-0.18,-0.18
99.26,-0.87,-0.64,-0.87,-0.65,0.65,0.49,0.18,-0.21,-0.22,-0.22
100.25,-0.83,-0.57,-0.82,-0.56,0.57,0.42,0.10,-0.26,-0.25,-0.26
101.25,-0.78,-0.48,-0.78,-0.47,0.48,0.34,0.03,-0.29,-0.29,-0.30
102.27,-0.73,-0.39,-0.73,-0.39,0.40,0.27,-0.04,-0.33,-0.34,-0.34
103.29,-0.70,-0.31,-0.69,-0.31,0.31,0.20,-0.11,-0.38,-0.38,-0.39
104.32,-0.66,-0.24,-0.65,-0.23,0.23,0.13,-0.18,-0.43,-0.43,-0.42
105.37,-0.61,-0.14,-0.61,-0.15,0.14,0.06,-0.25,-0.47,-0.47,-0.47
106.42,-0.58,-0.07,-0.57,-0.06,0.05,-0.01,-0.32,-0.53,-0.52,-0.51
107.48,-0.52,0.03,-0.52,0.03,-0.04,-0.08,-0.38,-0.56,-0.56,-0.55
108.56,-0.46,0.13,-0.46,0.13,-0.14,-0.14,-0.45,-0.59,-0.59,-0.58
109.64,-0.39,0.24,-0.39,0.23,-0.23,-0.21,-0.51,-0.61,-0.62,-0.62
110.74,-0.33,0.33,-0.32,0.33,-0.32,-0.28,-0.57,-0.65,-0.64,-0.65
111.85,-0.27,0.42,-0.27,0.42,-0.41,-0.34,-0.63,-0.67,-0.68,-0.68
112.97,-0.22,0.51,-0.22,0.50,-0.49,-0.40,-0.69,-0.71,-0.71,-0.73
114.10,-0.19,0.56,-0.18,0.58,-0.57,-0.47,-0.74,-0.76,-0.75,-0.75
115.24,-0.13,0.66,-0.14,0.65,-0.65,-0.53,-0.79,-0.78,-0.79,-0.79
116.39,-0.11,0.71,-0.10,0.71,-0.72,-0.59,-0.84,-0.83,-0.82,-0.82
117.55,-0.06,0.78,-0.05,0.79,-0.79,-0.65,-0.89,-0.85,-0.84,-0.83
118.73,0.00,0.86,0.00,0.86,-0.86,-0.70,-0.93,-0.86,-0.86,-0.86
119.92,0.06,0.93,0.06,0.93,-0.93,-0.76,-0.98,-0.86,-0.87,-0.87
121.12,0.11,1.00,0.11,0.99,-0.99,-0.81,-1.02,-0.88,-0.88,-0.88
122.33,0.14,1.04,0.15,1.05,-1.05,-0.87,-1.05,-0.91,-0.90,-0.90
123.55,0.19,1.10,0.20,1.11,-1.11,-0.92,-1.08,-0.91,-0.91,-0.91
124.79,0.24,1.17,0.24,1.16,-1.16,-0.97,-1.11,-0.92,-0.92,-0.92
126.03,0.29,1.22,0.28,1.21,-1.21,-1.02,-1.14,-0.92,-0.93,-0.93
127.29,0.30,1.25,0.31,1.25,-1.26,-1.07,-1.17,-0.95,-0.95,-0.94
128.57,0.32,1.29,0.33,1.29,-1.30,-1.11,-1.19,-0.98,-0.97,-0.97
129.85,0.36,1.33,0.36,1.33,-1.34,-1.16,-1.21,-0.98,-0.98,-0.97
131.15,0.39,1.38,0.39,1.38,-1.38,-1.20,-1.22,-0.98,-0.99,-0.98
132.46,0.41,1.42,0.42,1.41,-1.41,-1.25,-1.24,-0.99,-0.99,-1.00
133.79,0.43,1.44,0.43,1.44,-1.43,-1.29,-1.25,-1.00,-1.00,-1.01
135.12,0.43,1.46,0.43,1.46,-1.45,-1.33,-1.26,-1.01,-1.01,-1.03
136.48,0.42,1.46,0.42,1.46,-1.45,-1.36,-1.27,-1.03,-1.03,-1.04
137.84,0.38,1.44,0.39,1.46,-1.45,-1.40,-1.27,-1.07,-1.06,-1.06
139.22,0.36,1.45,0.36,1.45,-1.45,-1.44,-1.28,-1.08,-1.08,-1.09
140.61,0.33,1.44,0.33,1.43,-1.43,-1.47,-1.28,-1.10,-1.11,-1.11
142.02,0.28,1.40,0.29,1.42,-1.42,-1.50,-1.28,-1.13,-1.12,-1.12
143.44,0.26,1.40,0.26,1.40,-1.40,-1.53,-1.28,-1.14,-1.14,-1.13
144.87,0.22,1.39,0.22,1.39,-1.39,-1.56,-1.28,-1.17,-1.17,-1.16
146.32,0.19,1.38,0.20,1.38,-1.38,-1.59,-1.28,-1.19,-1.19,-1.19
147.78,0.16,1.37,0.16,1.37,-1.37,-1.62,-1.27,-1.21,-1.21,-1.20
149.26,0.13,1.36,0.13,1.37,-1.37,-1.64,-1.27,-1.24,-1.24,-1.23
150.75,0.10,1.37,0.11,1.37,-1.37,-1.67,-1.27,-1.27,-1.26,-1.27
152.26,0.09,1.38,0.09,1.38,-1.38,-1.69,-1.26,-1.29,-1.29,-1.29
153.78,0.07,1.39,0.07,1.39,-1.39,-1.71,-1.26,-1.31,-1.31,-1.31
155.32,0.06,1.41,0.06,1.40,-1.40,-1.73,-1.26,-1.34,-1.34,-1.35
156.88,0.03,1.40,0.04,1.41,-1.42,-1.75,-1.26,-1.38,-1.38,-1.37
158.44,0.02,1.44,0.02,1.43,-1.43,-1.77,-1.25,-1.41,-1.41,-1.41
160.03,0.00,1.45,0.01,1.45,-1.45,-1.78,-1.25,-1.45,-1.45,-1.44
161.63,-0.01,1.48,-0.01,1.48,-1.47,-1.80,-1.25,-1.48,-1.48,-1.48
163.24,-0.02,1.50,-0.02,1.50,-1.49,-1.81,-1.25,-1.51,-1.51,-1.51
164.88,-0.03,1.52,-0.03,1.52,-1.52,-1.82,-1.25,-1.54,-1.54,-1.54
166.53,-0.04,1.54,-0.03,1.54,-1.54,-1.84,-1.25,-1.58,-1.57,-1.57
168.19,-0.04,1.57,-0.04,1.56,-1.57,-1.85,-1.25,-1.60,-1.61,-1.60
169.87,-0.04,1.59,-0.04,1.59,-1.60,-1.86,-1.25,-1.63,-1.63,-1.63
171.57,-0.04,1.62,-0.03,1.62,-1.63,-1.87,-1.26,-1.66,-1.66,-1.66
173.29,-0.03,1.66,-0.03,1.66,-1.66,-1.87,-1.26,-1.68,-1.69,-1.68
175.02,-0.03,1.69,-0.02,1.69,-1.69,-1.88,-1.27,-1.72,-1.71,-1.71
176.77,-0.01,1.73,-0.01,1.73,-1.73,-1.89,-1.27,-1.74,-1.74,-1.74
178.54,0.00,1.77,0.00,1.76,-1.77,-1.89,-1.28,-1.76,-1.77,-1.76
180.32,0.01,1.79,0.02,1.80,-1.80,-1.90,-1.29,-1.79,-1.78,-1.78
182.13,0.03,1.83,0.04,1.83,-1.83,-1.90,-1.30,-1.80,-1.79,-1.79
183.95,0.06,1.87,0.06,1.87,-1.86,-1.90,-1.31,-1.80,-1.80,-1.81
185.79,0.08,1.90,0.08,1.90,-1.88,-1.91,-1.32,-1.80,-1.80,-1.82
187.65,0.08,1.92,0.08,1.91,-1.90,-1.91,-1.33,-1.81,-1.82,-1.83
189.52,0.07,1.91,0.08,1.92,-1.91,-1.91,-1.35,-1.84,-1.84,-1.84
191.42,0.06,1.91,0.07,1.91,-1.92,-1.91,-1.36,-1.86,-1.85,-1.85
193.33,0.06,1.92,0.06,1.91,-1.93,-1.91,-1.38,-1.86,-1.86,-1.85
195.27,0.06,1.92,0.06,1.92,-1.93,-1.91,-1.39,-1.87,-1.87,-1.85
197.22,0.06,1.93,0.06,1.93,-1.93,-1.91,-1.41,-1.87,-1.87,-1.86
199.19,0.06,1.95,0.06,1.94,-1.94,-1.90,-1.43,-1.87,-1.87,-1.89
201.18,0.06,1.95,0.06,1.95,-1.94,-1.90,-1.45,-1.88,-1.88,-1.89
203.19,0.06,1.95,0.06,1.95,-1.95,-1.90,-1.47,-1.89,-1.89,-1.89
205.23,0.06,1.96,0.06,1.96,-1.96,-1.90,-1.49,-1.89,-1.89,-1.90
207.28,0.06,1.96,0.06,1.96,-1.97,-1.89,-1.51,-1.90,-1.90,-1.90
209.35,0.06,1.97,0.06,1.97,-1.97,-1.89,-1.53,-1.91,-1.91,-1.90
211.44,0.06,1.99,0.06,1.98,-1.98,-1.88,-1.55,-1.92,-1.92,-1.92
213.56,0.06,1.99,0.06,1.99,-1.99,-1.88,-1.58,-1.92,-1.92,-1.92
215.69,0.06,1.98,0.06,1.99,-1.99,-1.88,-1.60,-1.93,-1.93,-1.92
217.85,0.06,2.00,0.06,2.00,-2.00,-1.87,-1.62,-1.94,-1.94,-1.94
220.03,0.06,2.01,0.06,2.01,-2.01,-1.87,-1.64,-1.95,-1.95,-1.95
222.23,0.06,2.03,0.06,2.02,-2.02,-1.86,-1.67,-1.95,-1.95,-1.96
224.45,0.06,2.02,0.06,2.03,-2.02,-1.86,-1.69,-1.96,-1.96,-1.96
226.70,0.06,2.03,0.06,2.03,-2.03,-1.85,-1.71,-1.97,-1.97,-1.97
228.96,0.06,2.04,0.06,2.04,-2.04,-1.85,-1.73,-1.98,-1.98,-1.97
231.25,0.06,2.04,0.06,2.05,-2.05,-1.84,-1.75,-1.99,-1.99,-1.98
233.57,0.06,2.06,0.06,2.06,-2.07,-1.84,-1.78,-2.00,-2.00,-2.00
235.90,0.06,2.08,0.06,2.08,-2.08,-1.83,-1.80,-2.01,-2.01,-2.01
238.26,0.06,2.09,0.06,2.09,-2.09,-1.82,-1.81,-2.03,-2.03,-2.03
240.64,0.06,2.11,0.06,2.11,-2.10,-1.82,-1.83,-2.04,-2.04,-2.04
243.05,0.06,2.11,0.06,2.11,-2.11,-1.81,-1.85,-2.05,-2.05,-2.05
245.48,0.06,2.12,0.06,2.12,-2.12,-1.81,-1.87,-2.06,-2.06,-2.05
247.93,0.06,2.12,0.06,2.13,-2.13,-1.81,-1.88,-2.06,-2.06,-2.06
250.41,0.06,2.14,0.06,2.13,-2.13,-1.80,-1.90,-2.06,-2.06,-2.07
252.92,0.06,2.12,0.06,2.13,-2.13,-1.80,-1.91,-2.06,-2.06,-2.06
255.45,0.06,2.12,0.06,2.12,-2.12,-1.79,-1.93,-2.06,-2.06,-2.05
258.00,0.06,2.11,0.06,2.11,-2.11,-1.79,-1.94,-2.05,-2.05,-2.05
260.58,0.06,2.11,0.06,2.10,-2.10,-1.79,-1.95,-2.04,-2.04,-2.04
263.19,0.06,2.09,0.06,2.09,-2.09,-1.78,-1.96,-2.03,-2.03,-2.03
265.82,0.06,2.08,0.06,2.08,-2.08,-1.78,-1.97,-2.01,-2.01,-2.02
268.48,0.06,2.06,0.06,2.06,-2.06,-1.78,-1.98,-2.00,-2.00,-1.99
271.16,0.06,2.04,0.06,2.04,-2.04,-1.77,-1.99,-1.98,-1.98,-1.98
273.87,0.06,2.02,0.06,2.02,-2.03,-1.77,-2.00,-1.96,-1.96,-1.96
276.61,0.06,2.00,0.06,2.00,-2.01,-1.77,-2.01,-1.94,-1.94,-1.93
279.38,0.06,1.99,0.06,1.99,-1.99,-1.77,-2.02,-1.93,-1.93,-1.93
282.17,0.06,1.97,0.06,1.97,-1.97,-1.77,-2.03,-1.91,-1.91,-1.91
284.99,0.06,1.96,0.06,1.96,-1.95,-1.77,-2.04,-1.89,-1.89,-1.89
287.84,0.06,1.94,0.06,1.94,-1.94,-1.77,-2.05,-1.87,-1.87,-1.88
290.72,0.06,1.91,0.06,1.92,-1.92,-1.77,-2.06,-1.86,-1.86,-1.85
293.63,0.06,1.90,0.06,1.90,-1.90,-1.78,-2.07,-1.84,-1.84,-1.84
296.57,0.06,1.88,0.06,1.88,-1.88,-1.78,-2.08,-1.82,-1.82,-1.81
299.53,0.06,1.86,0.06,1.86,-1.86,-1.78,-2.09,-1.80,-1.80,-1.80
302.53,0.06,1.85,0.06,1.84,-1.84,-1.78,-2.11,-1.77,-1.77,-1.79
305.55,0.06,1.81,0.06,1.82,-1.82,-1.79,-2.12,-1.75,-1.75,-1.75
308.61,0.06,1.80,0.06,1.79,-1.79,-1.79,-2.14,-1.73,-1.73,-1.73
311.69,0.06,1.77,0.06,1.76,-1.77,-1.80,-2.16,-1.70,-1.70,-1.70
314.81,0.06,1.73,0.06,1.74,-1.74,-1.81,-2.17,-1.68,-1.67,-1.67
317.96,0.06,1.71,0.06,1.71,-1.71,-1.82,-2.19,-1.65,-1.65,-1.65
321.14,0.06,1.69,0.06,1.69,-1.68,-1.82,-2.22,-1.62,-1.62,-1.63
324.35,0.05,1.67,0.05,1.66,-1.66,-1.83,-2.24,-1.60,-1.60,-1.61
327.59,0.04,1.63,0.05,1.63,-1.63,-1.84,-2.26,-1.59,-1.59,-1.58
330.87,0.04,1.61,0.04,1.61,-1.61,-1.86,-2.29,-1.57,-1.57,-1.56
334.18,0.04,1.58,0.05,1.59,-1.59,-1.87,-2.32,-1.55,-1.54,-1.54
337.52,0.06,1.58,0.06,1.58,-1.57,-1.88,-2.35,-1.51,-1.51,-1.52
340.90,0.07,1.56,0.07,1.56,-1.56,-1.90,-2.38,-1.49,-1.49,-1.49
344.30,0.09,1.55,0.09,1.56,-1.55,-1.91,-2.41,-1.46,-1.46,-1.46
347.75,0.10,1.55,0.11,1.54,-1.55,-1.93,-2.45,-1.44,-1.44,-1.44
351.23,0.13,1.55,0.13,1.55,-1.55,-1.95,-2.49,-1.42,-1.42,-1.41
354.74,0.16,1.55,0.17,1.55,-1.56,-1.97,-2.53,-1.40,-1.39,-1.38
358.28,0.21,1.58,0.21,1.57,-1.58,-1.99,-2.57,-1.36,-1.37,-1.37
361.87,0.25,1.59,0.26,1.60,-1.60,-2.01,-2.61,-1.34,-1.34,-1.34
365.49,0.31,1.62,0.31,1.63,-1.63,-2.03,-2.66,-1.31,-1.31,-1.31
369.14,0.37,1.67,0.37,1.66,-1.66,-2.05,-2.71,-1.28,-1.29,-1.30
372.83,0.42,1.69,0.43,1.70,-1.70,-2.08,-2.76,-1.27,-1.27,-1.27
376.56,0.49,1.74,0.50,1.74,-1.74,-2.11,-2.81,-1.24,-1.24,-1.25
380.33,0.57,1.79,0.56,1.78,-1.78,-2.14,-2.86,-1.21,-1.22,-1.21
384.13,0.63,1.84,0.64,1.84,-1.83,-2.17,-2.92,-1.20,-1.20,-1.20
387.97,0.70,1.89,0.71,1.89,-1.89,-2.20,-2.97,-1.18,-1.18,-1.18
391.85,0.78,1.96,0.78,1.95,-1.95,-2.23,-3.03,-1.17,-1.17,-1.17
395.77,0.86,2.01,0.86,2.01,-2.02,-2.27,-3.09,-1.16,-1.16,-1.14
399.73,0.93,2.07,0.94,2.08,-2.09,-2.30,-3.15,-1.16,-1.15,-1.14
403.72,1.03,2.17,1.04,2.17,-2.18,-2.34,-3.21,-1.14,-1.14,-1.14
407.76,1.14,2.27,1.14,2.26,-2.27,-2.38,-3.27,-1.12,-1.13,-1.13
411.84,1.24,2.36,1.24,2.36,-2.36,-2.42,-3.33,-1.11,-1.11,-1.12
415.96,1.34,2.46,1.34,2.46,-2.45,-2.47,-3.39,-1.11,-1.11,-1.12
420.12,1.43,2.55,1.44,2.55,-2.55,-2.51,-3.45,-1.12,-1.12,-1.12
424.32,1.53,2.65,1.53,2.65,-2.65,-2.56,-3.52,-1.12,-1.12,-1.12
428.56,1.62,2.74,1.63,2.75,-2.75,-2.61,-3.58,-1.13,-1.12,-1.12
432.85,1.72,2.85,1.72,2.85,-2.85,-2.66,-3.64,-1.12,-1.12,-1.13
437.18,1.81,2.95,1.81,2.94,-2.94,-2.71,-3.69,-1.13,-1.13,-1.13
441.55,1.88,3.02,1.89,3.03,-3.03,-2.76,-3.75,-1.15,-1.14,-1.13
445.96,1.97,3.12,1.97,3.11,-3.12,-2.82,-3.80,-1.14,-1.14,-1.14
450.42,2.06,3.21,2.06,3.20,-3.20,-2.88,-3.85,-1.14,-1.14,-1.14
454.93,2.13,3.28,2.14,3.29,-3.28,-2.93,-3.90,-1.15,-1.14,-1.14
459.48,2.21,3.37,2.21,3.36,-3.35,-2.99,-3.94,-1.14,-1.14,-1.15
464.07,2.28,3.43,2.28,3.43,-3.42,-3.06,-3.98,-1.13,-1.14,-1.14
468.71,2.33,3.48,2.34,3.48,-3.48,-3.12,-4.02,-1.15,-1.14,-1.14
473.40,2.39,3.54,2.39,3.53,-3.54,-3.18,-4.05,-1.14,-1.14,-1.14
478.13,2.44,3.58,2.44,3.59,-3.59,-3.25,-4.07,-1.15,-1.15,-1.14
482.91,2.49,3.64,2.49,3.63,-3.64,-3.31,-4.09,-1.14,-1.14,-1.15
487.74,2.54,3.68,2.54,3.68,-3.69,-3.38,-4.11,-1.14,-1.14,-1.14
492.62,2.59,3.72,2.59,3.73,-3.73,-3.44,-4.12,-1.14,-1.14,-1.13
497.55,2.64,3.78,2.64,3.77,-3.78,-3.51,-4.12,-1.13,-1.13,-1.14
502.52,2.69,3.82,2.69,3.82,-3.82,-3.57,-4.12,-1.12,-1.13,-1.13
507.55,2.73,3.86,2.74,3.86,-3.86,-3.64,-4.11,-1.12,-1.12,-1.13
512.62,2.77,3.89,2.78,3.89,-3.89,-3.70,-4.09,-1.12,-1.11,-1.12
517.75,2.82,3.93,2.82,3.93,-3.93,-3.76,-4.07,-1.10,-1.11,-1.11
522.93,2.85,3.95,2.85,3.96,-3.95,-3.82,-4.05,-1.10,-1.10,-1.10
528.16,2.88,3.98,2.88,3.98,-3.98,-3.88,-4.01,-1.09,-1.09,-1.10
533.44,2.90,3.99,2.91,3.99,-3.99,-3.93,-3.98,-1.09,-1.09,-1.09
538.77,2.93,4.00,2.93,4.01,-4.01,-3.98,-3.93,-1.07,-1.07,-1.07
544.16,2.95,4.01,2.96,4.01,-4.02,-4.03,-3.89,-1.06,-1.06,-1.06
549.60,2.98,4.02,2.98,4.02,-4.02,-4.07,-3.84,-1.03,-1.04,-1.04
555.10,2.99,4.02,3.00,4.02,-4.02,-4.11,-3.78,-1.02,-1.02,-1.03
560.65,3.00,4.02,3.00,4.02,-4.01,-4.14,-3.73,-1.01,-1.01,-1.02
566.25,3.00,4.00,3.00,4.01,-4.00,-4.17,-3.67,-1.00,-1.00,-1.00
571.92,2.99,3.99,2.99,3.99,-3.99,-4.19,-3.60,-1.00,-1.00,-1.00
577.64,2.98,3.97,2.99,3.98,-3.98,-4.20,-3.54,-1.00,-0.99,-0.99
583.41,2.98,3.96,2.98,3.96,-3.97,-4.21,-3.47,-0.99,-0.99,-0.98
589.25,2.98,3.95,2.98,3.95,-3.96,-4.21,-3.40,-0.98,-0.98,-0.97
595.14,2.98,3.94,2.98,3.95,-3.95,-4.21,-3.34,-0.97,-0.97,-0.96
601.09,2.98,3.94,2.98,3.94,-3.95,-4.19,-3.27,-0.96,-0.96,-0.96
607.10,2.98,3.93,2.99,3.94,-3.94,-4.17,-3.20,-0.96,-0.95,-0.95
613.17,2.99,3.93,2.99,3.94,-3.94,-4.15,-3.13,-0.94,-0.94,-0.94
619.30,3.00,3.93,3.00,3.93,-3.93,-4.12,-3.06,-0.92,-0.93,-0.93
625.50,3.00,3.92,3.00,3.92,-3.91,-4.08,-2.99,-0.91,-0.91,-0.92
631.75,2.99,3.90,3.00,3.90,-3.90,-4.04,-2.92,-0.90,-0.90,-0.91
638.07,2.98,3.87,2.98,3.88,-3.88,-3.99,-2.85,-0.89,-0.89,-0.89
644.45,2.96,3.84,2.96,3.84,-3.85,-3.93,-2.79,-0.88,-0.88,-0.88
650.89,2.94,3.81,2.95,3.81,-3.81,-3.88,-2.72,-0.87,-0.86,-0.86
657.40,2.92,3.77,2.93,3.77,-3.76,-3.81,-2.66,-0.84,-0.84,-0.84
663.98,2.90,3.73,2.90,3.72,-3.71,-3.75,-2.60,-0.81,-0.81,-0.82
670.62,2.86,3.67,2.86,3.66,-3.65,-3.68,-2.54,-0.79,-0.79,-0.80
677.32,2.81,3.60,2.82,3.60,-3.59,-3.60,-2.48,-0.78,-0.77,-0.78
684.10,2.76,3.53,2.76,3.52,-3.52,-3.53,-2.42,-0.76,-0.76,-0.76
690.94,2.71,3.45,2.71,3.45,-3.45,-3.45,-2.36,-0.74,-0.74,-0.73
697.85,2.66,3.38,2.66,3.38,-3.38,-3.37,-2.31,-0.72,-0.72,-0.71
704.83,2.61,3.31,2.61,3.30,-3.31,-3.29,-2.26,-0.70,-0.70,-0.69
711.87,2.55,3.24,2.56,3.24,-3.24,-3.21,-2.21,-0.69,-0.69,-0.68
718.99,2.50,3.18,2.50,3.17,-3.18,-3.13,-2.16,-0.68,-0.68,-0.67
726.18,2.45,3.12,2.45,3.12,-3.12,-3.05,-2.11,-0.67,-0.67,-0.66
733.44,2.40,3.07,2.41,3.06,-3.07,-2.97,-2.07,-0.66,-0.66,-0.66
740.78,2.36,3.02,2.36,3.01,-3.01,-2.89,-2.02,-0.65,-0.66,-0.65
748.19,2.30,2.96,2.31,2.97,-2.96,-2.81,-1.98,-0.66,-0.65,-0.65
755.67,2.25,2.93,2.25,2.92,-2.91,-2.73,-1.94,-0.66,-0.66,-0.67
763.23,2.19,2.88,2.19,2.87,-2.87,-2.65,-1.90,-0.67,-0.67,-0.68
770.86,2.12,2.82,2.12,2.82,-2.82,-2.57,-1.86,-0.69,-0.70,-0.69
778.57,2.04,2.76,2.05,2.76,-2.77,-2.50,-1.83,-0.72,-0.72,-0.71
786.35,1.97,2.71,1.98,2.71,-2.71,-2.42,-1.79,-0.74,-0.73,-0.73
794.22,1.91,2.67,1.91,2.67,-2.66,-2.35,-1.76,-0.75,-0.75,-0.75
802.16,1.84,2.63,1.84,2.62,-2.61,-2.28,-1.73,-0.76,-0.77,-0.78
810.18,1.75,2.56,1.76,2.56,-2.56,-2.20,-1.70,-0.80,-0.80,-0.80
818.28,1.66,2.50,1.67,2.50,-2.50,-2.14,-1.67,-0.84,-0.84,-0.83
826.46,1.58,2.45,1.58,2.44,-2.45,-2.07,-1.65,-0.87,-0.87,-0.86
834.73,1.50,2.40,1.50,2.40,-2.40,-2.00,-1.62,-0.90,-0.90,-0.89
843.08,1.42,2.35,1.43,2.35,-2.35,-1.94,-1.59,-0.93,-0.93,-0.92
851.51,1.34,2.31,1.35,2.30,-2.30,-1.88,-1.57,-0.96,-0.95,-0.96
860.02,1.27,2.26,1.27,2.26,-2.25,-1.81,-1.55,-0.98,-0.98,-0.98
868.62,1.18,2.21,1.19,2.21,-2.20,-1.75,-1.53,-1.02,-1.01,-1.02
877.31,1.10,2.15,1.11,2.15,-2.15,-1.70,-1.50,-1.05,-1.04,-1.04
886.08,1.03,2.10,1.03,2.10,-2.10,-1.64,-1.48,-1.06,-1.07,-1.06
894.94,0.95,2.04,0.95,2.04,-2.04,-1.58,-1.46,-1.09,-1.09,-1.08
903.89,0.87,2.00,0.87,1.98,-1.99,-1.53,-1.44,-1.11,-1.11,-1.12
912.93,0.78,1.92,0.79,1.93,-1.93,-1.48,-1.43,-1.14,-1.13,-1.13
922.06,0.71,1.87,0.71,1.87,-1.86,-1.42,-1.41,-1.15,-1.16,-1.15
931.28,0.62,1.81,0.62,1.80,-1.80,-1.37,-1.39,-1.18,-1.18,-1.18
940.59,0.53,1.73,0.54,1.74,-1.73,-1.32,-1.37,-1.20,-1.19,-1.19
950.00,0.45,1.67,0.45,1.67,-1.66,-1.27,-1.36,-1.21,-1.21,-1.21
959.50,0.37,1.60,0.37,1.59,-1.59,-1.23,-1.34,-1.22,-1.22,-1.22
969.09,0.28,1.52,0.28,1.52,-1.52,-1.18,-1.32,-1.23,-1.24,-1.23
978.78,0.18,1.44,0.19,1.44,-1.44,-1.14,-1.31,-1.26,-1.25,-1.25
988.57,0.09,1.37,0.10,1.37,-1.37,-1.09,-1.29,-1.27,-1.27,-1.27
998.46,0.01,1.30,0.01,1.29,-1.29,-1.05,-1.27,-1.28,-1.28,-1.28
1008.44,-0.08,1.22,-0.08,1.22,-1.22,-1.00,-1.26,-1.29,-1.30,-1.29
1018.53,-0.17,1.14,-0.17,1.14,-1.15,-0.96,-1.24,-1.31,-1.31,-1.30
1028.71,-0.26,1.07,-0.25,1.07,-1.08,-0.92,-1.23,-1.33,-1.33,-1.32
1039.00,-0.34,1.01,-0.34,1.01,-1.01,-0.88,-1.21,-1.34,-1.34,-1.34
1049.39,-0.42,0.95,-0.42,0.94,-0.94,-0.84,-1.19,-1.35,-1.36,-1.36
1059.88,-0.51,0.87,-0.50,0.87,-0.87,-0.80,-1.18,-1.37,-1.37,-1.37
1070.48,-0.59,0.80,-0.58,0.80,-0.80,-0.75,-1.16,-1.38,-1.38,-1.38
1081.19,-0.66,0.74,-0.66,0.73,-0.72,-0.71,-1.15,-1.38,-1.39,-1.39
1092.00,-0.75,0.66,-0.75,0.65,-0.65,-0.67,-1.13,-1.39,-1.40,-1.40
1102.92,-0.84,0.57,-0.83,0.57,-0.57,-0.63,-1.12,-1.41,-1.40,-1.40
1113.95,-0.93,0.49,-0.92,0.49,-0.49,-0.59,-1.10,-1.42,-1.41,-1.41
1125.09,-0.99,0.43,-1.00,0.41,-0.42,-0.55,-1.09,-1.40,-1.41,-1.41
1136.34,-1.07,0.34,-1.07,0.34,-0.34,-0.51,-1.07,-1.41,-1.41,-1.40
1147.70,-1.15,0.25,-1.14,0.26,-0.27,-0.47,-1.06,-1.41,-1.40,-1.39
1159.18,-1.21,0.20,-1.21,0.19,-0.19,-0.43,-1.05,-1.40,-1.40,-1.40
1170.77,-1.28,0.13,-1.27,0.13,-0.13,-0.39,-1.03,-1.40,-1.40,-1.40
1182.48,-1.34,0.07,-1.34,0.07,-0.06,-0.35,-1.02,-1.40,-1.40,-1.40
1194.30,-1.40,0.01,-1.40,0.01,-0.00,-0.31,-1.01,-1.40,-1.40,-1.40
1206.25,-1.46,-0.04,-1.46,-0.05,0.05,-0.27,-1.00,-1.41,-1.41,-1.41
1218.31,-1.52,-0.10,-1.52,-0.10,0.10,-0.22,-0.99,-1.42,-1.42,-1.41
1230.49,-1.58,-0.15,-1.57,-0.14,0.14,-0.18,-0.98,-1.44,-1.44,-1.42
1242.80,-1.63,-0.17,-1.62,-0.18,0.17,-0.14,-0.97,-1.45,-1.45,-1.45
1255.22,-1.67,-0.20,-1.67,-0.20,0.20,-0.09,-0.96,-1.46,-1.47,-1.46
1267.78,-1.71,-0.22,-1.71,-0.22,0.22,-0.05,-0.95,-1.48,-1.48,-1.48
1280.45,-1.75,-0.24,-1.75,-0.24,0.24,-0.00,-0.94,-1.51,-1.51,-1.50
1293.26,-1.78,-0.26,-1.78,-0.26,0.25,0.04,-0.93,-1.52,-1.53,-1.51
1306.19,-1.81,-0.26,-1.80,-0.26,0.26,0.08,-0.93,-1.55,-1.54,-1.54
1319.25,-1.82,-0.26,-1.82,-0.26,0.27,0.13,-0.92,-1.55,-1.55,-1.55
1332.45,-1.84,-0.26,-1.84,-0.26,0.27,0.17,-0.92,-1.56,-1.56,-1.57
1345.77,-1.86,-0.27,-1.86,-0.27,0.28,0.21,-0.91,-1.58,-1.58,-1.58
1359.23,-1.89,-0.28,-1.89,-0.29,0.29,0.25,-0.91,-1.60,-1.60,-1.60
1372.82,-1.92,-0.31,-1.91,-0.30,0.30,0.29,-0.91,-1.61,-1.61,-1.60
1386.55,-1.94,-0.32,-1.94,-0.32,0.32,0.32,-0.91,-1.62,-1.62,-1.61
1400.41,-1.96,-0.32,-1.96,-0.33,0.34,0.35,-0.91,-1.62,-1.62,-1.63
1414.42,-1.99,-0.34,-1.99,-0.35,0.36,0.38,-0.91,-1.63,-1.63,-1.64
1428.56,-2.02,-0.37,-2.02,-0.37,0.38,0.40,-0.91,-1.64,-1.64,-1.64
1442.85,-2.07,-0.41,-2.06,-0.41,0.40,0.42,-0.91,-1.66,-1.66,-1.65
1457.28,-2.10,-0.43,-2.10,-0.43,0.43,0.43,-0.91,-1.67,-1.67,-1.66
1471.85,-2.13,-0.45,-2.13,-0.45,0.45,0.44,-0.91,-1.68,-1.68,-1.67
1486.57,-2.15,-0.46,-2.14,-0.47,0.47,0.44,-0.92,-1.68,-1.67,-1.68
1501.43,-2.16,-0.48,-2.16,-0.48,0.49,0.44,-0.92,-1.67,-1.67,-1.67
1516.45,-2.16,-0.49,-2.16,-0.49,0.50,0.43,-0.92,-1.66,-1.66,-1.66
1531.61,-2.16,-0.50,-2.16,-0.51,0.50,0.42,-0.93,-1.66,-1.66,-1.65
1546.93,-2.15,-0.51,-2.14,-0.51,0.50,0.39,-0.94,-1.65,-1.65,-1.63
1562.40,-2.12,-0.50,-2.11,-0.50,0.49,0.37,-0.94,-1.63,-1.63,-1.61
1578.02,-2.07,-0.47,-2.07,-0.48,0.47,0.34,-0.95,-1.59,-1.60,-1.59
1593.80,-2.03,-0.44,-2.02,-0.44,0.45,0.30,-0.95,-1.57,-1.57,-1.58
1609.74,-1.97,-0.41,-1.97,-0.41,0.43,0.26,-0.96,-1.54,-1.54,-1.55
1625.84,-1.91,-0.38,-1.91,-0.39,0.40,0.22,-0.97,-1.51,-1.51,-1.52
1642.10,-1.86,-0.36,-1.85,-0.36,0.36,0.18,-0.97,-1.49,-1.49,-1.49
1658.52,-1.80,-0.33,-1.79,-0.33,0.32,0.13,-0.98,-1.47,-1.47,-1.46
1675.10,-1.73,-0.28,-1.73,-0.29,0.28,0.08,-0.99,-1.45,-1.45,-1.44
1691.85,-1.66,-0.23,-1.66,-0.23,0.23,0.03,-0.99,-1.43,-1.42,-1.42
1708.77,-1.58,-0.17,-1.58,-0.18,0.17,-0.02,-1.00,-1.40,-1.41,-1.40
1725.86,-1.51,-0.11,-1.50,-0.11,0.11,-0.08,-1.00,-1.40,-1.39,-1.39
1743.12,-1.42,-0.04,-1.42,-0.04,0.03,-0.13,-1.01,-1.38,-1.38,-1.37
1760.55,-1.33,0.05,-1.33,0.04,-0.05,-0.18,-1.01,-1.38,-1.38,-1.37
1778.15,-1.24,0.13,-1.23,0.13,-0.14,-0.24,-1.01,-1.38,-1.37,-1.36
1795.94,-1.14,0.24,-1.14,0.23,-0.24,-0.30,-1.01,-1.37,-1.37,-1.37
1813.90,-1.04,0.34,-1.04,0.33,-0.34,-0.35,-1.01,-1.37,-1.37,-1.37
1832.03,-0.94,0.44,-0.94,0.43,-0.44,-0.41,-1.01,-1.37,-1.38,-1.37
1850.36,-0.85,0.53,-0.84,0.53,-0.54,-0.47,-1.00,-1.38,-1.38,-1.37
1868.86,-0.76,0.63,-0.75,0.63,-0.63,-0.52,-0.99,-1.39,-1.38,-1.38
1887.55,-0.66,0.73,-0.66,0.73,-0.71,-0.58,-0.98,-1.37,-1.37,-1.38
1906.42,-0.58,0.82,-0.58,0.81,-0.79,-0.64,-0.97,-1.37,-1.37,-1.39
1925.49,-0.51,0.88,-0.51,0.87,-0.85,-0.69,-0.96,-1.36,-1.36,-1.38
1944.74,-0.46,0.92,-0.46,0.92,-0.91,-0.75,-0.94,-1.36,-1.37,-1.37
1964.19,-0.42,0.95,-0.41,0.95,-0.95,-0.80,-0.92,-1.37,-1.37,-1.36
1983.83,-0.38,0.98,-0.37,0.98,-0.99,-0.86,-0.90,-1.37,-1.36,-1.35
2003.67,-0.34,1.00,-0.33,1.01,-1.02,-0.91,-0.87,-1.35,-1.35,-1.33
2023.71,-0.29,1.05,-0.29,1.04,-1.04,-0.96,-0.84,-1.33,-1.33,-1.33
2043.94,-0.26,1.07,-0.26,1.07,-1.06,-1.01,-0.81,-1.32,-1.32,-1.32
2064.38,-0.23,1.09,-0.23,1.08,-1.08,-1.06,-0.78,-1.31,-1.31,-1.31
2085.03,-0.21,1.10,-0.20,1.10,-1.10,-1.11,-0.74,-1.31,-1.30,-1.30
2105.88,-0.17,1.11,-0.16,1.12,-1.12,-1.15,-0.70,-1.29,-1.28,-1.27
2126.94,-0.12,1.15,-0.12,1.14,-1.14,-1.19,-0.66,-1.26,-1.26,-1.26
2148.20,-0.08,1.16,-0.07,1.16,-1.16,-1.24,-0.61,-1.24,-1.24,-1.23
2169.69,-0.03,1.19,-0.03,1.19,-1.19,-1.28,-0.56,-1.22,-1.22,-1.21
2191.38,0.02,1.21,0.03,1.21,-1.22,-1.31,-0.51,-1.19,-1.19,-1.18
2213.30,0.08,1.25,0.08,1.24,-1.25,-1.35,-0.46,-1.16,-1.16,-1.16
2235.43,0.14,1.28,0.14,1.28,-1.28,-1.39,-0.40,-1.14,-1.14,-1.13
2257.78,0.20,1.32,0.20,1.32,-1.31,-1.42,-0.35,-1.11,-1.11,-1.11
2280.36,0.25,1.36,0.25,1.35,-1.35,-1.46,-0.29,-1.09,-1.09,-1.10
2303.17,0.29,1.39,0.30,1.39,-1.38,-1.49,-0.23,-1.09,-1.09,-1.09
2326.20,0.33,1.42,0.33,1.41,-1.42,-1.52,-0.16,-1.08,-1.09,-1.08
2349.46,0.36,1.44,0.37,1.44,-1.45,-1.55,-0.10,-1.09,-1.09,-1.07
2372.95,0.39,1.48,0.39,1.48,-1.49,-1.57,-0.03,-1.09,-1.10,-1.08
2396.68,0.41,1.52,0.41,1.51,-1.52,-1.59,0.04,-1.10,-1.11,-1.10
2420.65,0.42,1.55,0.43,1.55,-1.55,-1.60,0.11,-1.12,-1.12,-1.12
2444.86,0.43,1.58,0.43,1.58,-1.57,-1.61,0.18,-1.14,-1.14,-1.14
2469.31,0.43,1.60,0.43,1.59,-1.59,-1.60,0.25,-1.16,-1.16,-1.16
2494.00,0.41,1.59,0.42,1.59,-1.60,-1.58,0.32,-1.19,-1.18,-1.17
2518.94,0.39,1.59,0.40,1.59,-1.60,-1.55,0.40,-1.21,-1.21,-1.19
2544.13,0.36,1.58,0.36,1.58,-1.59,-1.49,0.47,-1.22,-1.22,-1.21
2569.57,0.32,1.56,0.32,1.55,-1.55,-1.43,0.55,-1.23,-1.23,-1.23
2595.27,0.26,1.50,0.27,1.50,-1.50,-1.34,0.63,-1.23,-1.23,-1.23
2621.22,0.19,1.43,0.19,1.42,-1.41,-1.23,0.71,-1.22,-1.22,-1.23
2647.43,0.08,1.32,0.09,1.32,-1.30,-1.10,0.79,-1.22,-1.22,-1.23
2673.90,-0.05,1.18,-0.05,1.18,-1.16,-0.96,0.87,-1.21,-1.20,-1.22
2700.64,-0.21,1.01,-0.21,1.00,-0.98,-0.79,0.95,-1.19,-1.19,-1.21
2727.65,-0.41,0.79,-0.41,0.79,-0.77,-0.62,1.04,-1.18,-1.18,-1.19
2754.93,-0.64,0.54,-0.63,0.54,-0.53,-0.42,1.12,-1.16,-1.16,-1.17
2782.48,-0.89,0.27,-0.89,0.27,-0.26,-0.21,1.21,-1.14,-1.14,-1.15
2810.30,-1.16,-0.02,-1.16,-0.03,0.04,0.02,1.29,-1.12,-1.13,-1.13
2838.40,-1.47,-0.34,-1.46,-0.34,0.35,0.26,1.38,-1.12,-1.12,-1.12
2866.79,-1.78,-0.66,-1.77,-0.66,0.66,0.51,1.47,-1.11,-1.11,-1.11
2895.46,-2.09,-0.98,-2.09,-0.99,0.98,0.78,1.56,-1.11,-1.11,-1.10
2924.41,-2.40,-1.30,-2.40,-1.30,1.29,1.05,1.65,-1.11,-1.11,-1.09
2953.65,-2.70,-1.60,-2.69,-1.60,1.59,1.33,1.75,-1.11,-1.10,-1.09
2983.19,-2.95,-1.87,-2.95,-1.87,1.86,1.61,1.84,-1.08,-1.09,-1.07
3013.02,-3.19,-2.11,-3.19,-2.12,2.11,1.88,1.94,-1.07,-1.08,-1.07
3043.15,-3.40,-2.34,-3.40,-2.34,2.33,2.14,2.03,-1.06,-1.06,-1.05
3073.58,-3.58,-2.53,-3.57,-2.53,2.52,2.36,2.13,-1.06,-1.06,-1.04
3104.32,-3.71,-2.68,-3.71,-2.68,2.66,2.56,2.23,-1.04,-1.04,-1.02
3135.36,-3.81,-2.79,-3.81,-2.80,2.78,2.70,2.33,-1.03,-1.03,-1.01
3166.72,-3.87,-2.88,-3.87,-2.87,2.86,2.80,2.43,-1.01,-1.01,-0.98
3198.38,-3.90,-2.91,-3.89,-2.91,2.90,2.84,2.53,-0.99,-0.99,-0.98
3230.37,-3.88,-2.92,-3.88,-2.93,2.93,2.85,2.63,-0.95,-0.95,-0.95
3262.67,-3.84,-2.91,-3.84,-2.92,2.92,2.82,2.73,-0.91,-0.92,-0.92
3295.30,-3.78,-2.90,-3.77,-2.90,2.91,2.77,2.83,-0.87,-0.86,-0.87
3328.25,-3.69,-2.87,-3.69,-2.87,2.88,2.71,2.93,-0.81,-0.81,-0.81
3361.53,-3.58,-2.83,-3.58,-2.84,2.84,2.66,3.03,-0.73,-0.74,-0.74
3395.15,-3.48,-2.80,-3.47,-2.80,2.80,2.61,3.13,-0.67,-0.67,-0.67
3429.10,-3.35,-2.76,-3.35,-2.76,2.77,2.56,3.23,-0.58,-0.58,-0.58
3463.39,-3.22,-2.73,-3.21,-2.73,2.74,2.54,3.33,-0.48,-0.48,-0.48
3498.03,-3.08,-2.71,-3.07,-2.71,2.71,2.53,3.42,-0.36,-0.36,-0.36
3533.01,-2.93,-2.69,-2.93,-2.70,2.70,2.53,3.52,-0.23,-0.23,-0.23
3568.34,-2.80,-2.69,-2.79,-2.68,2.69,2.55,3.61,-0.10,-0.10,-0.10
3604.02,-2.67,-2.68,-2.66,-2.69,2.70,2.58,3.69,0.04,0.04,0.02
3640.06,-2.55,-2.70,-2.55,-2.71,2.72,2.63,3.78,0.17,0.17,0.16
3676.46,-2.46,-2.75,-2.46,-2.75,2.75,2.70,3.85,0.30,0.30,0.30
3713.22,-2.38,-2.80,-2.37,-2.80,2.79,2.77,3.93,0.42,0.42,0.43
3750.36,-2.30,-2.86,-2.30,-2.86,2.85,2.86,4.00,0.55,0.55,0.57
3787.86,-2.23,-2.91,-2.23,-2.92,2.91,2.96,4.06,0.69,0.68,0.69
3825.74,-2.19,-2.99,-2.18,-2.99,2.99,3.07,4.12,0.81,0.81,0.81
3864.00,-2.16,-3.07,-2.16,-3.07,3.08,3.20,4.17,0.92,0.92,0.92
3902.64,-2.15,-3.17,-2.14,-3.17,3.17,3.34,4.21,1.03,1.03,1.03
3941.66,-2.15,-3.28,-2.15,-3.28,3.28,3.48,4.25,1.13,1.13,1.14
3981.08,-2.17,-3.40,-2.17,-3.40,3.40,3.64,4.28,1.23,1.23,1.24
4020.89,-2.21,-3.53,-2.21,-3.53,3.53,3.81,4.30,1.33,1.32,1.33
4061.10,-2.27,-3.67,-2.27,-3.68,3.68,3.99,4.32,1.41,1.41,1.41
4101.71,-2.35,-3.83,-2.34,-3.83,3.84,4.17,4.33,1.49,1.50,1.49
4142.73,-2.44,-4.01,-2.44,-4.01,4.02,4.37,4.33,1.58,1.58,1.58
4184.15,-2.55,-4.20,-2.55,-4.21,4.21,4.57,4.32,1.66,1.66,1.66
4226.00,-2.67,-4.41,-2.67,-4.42,4.43,4.78,4.31,1.77,1.77,1.75
4268.26,-2.82,-4.65,-2.81,-4.64,4.68,4.99,4.30,1.86,1.87,1.84
4310.94,-2.97,-4.86,-2.97,-4.87,4.93,5.20,4.27,1.97,1.96,1.90
4354.05,-3.16,-5.12,-3.15,-5.13,5.18,5.41,4.25,2.02,2.03,1.97
4397.59,-3.35,-5.39,-3.35,-5.39,5.41,5.60,4.21,2.06,2.06,2.05
4441.56,-3.56,-5.67,-3.55,-5.67,5.61,5.79,4.18,2.05,2.05,2.12
4485.98,-3.77,-5.94,-3.77,-5.95,5.77,5.96,4.14,2.00,2.00,2.18
4530.84,-4.00,-6.23,-3.99,-6.23,5.90,6.12,4.10,1.90,1.91,2.24
4576.15,-4.23,-6.50,-4.23,-6.50,5.98,6.23,4.05,1.76,1.76,2.28
4621.91,-4.48,-6.78,-4.48,-6.78,6.03,6.33,4.01,1.56,1.56,2.31
4668.13,-4.75,-7.05,-4.75,-7.06,6.05,6.39,3.96,1.31,1.30,2.31
4714.81,-5.05,-7.34,-5.04,-7.34,6.05,6.42,3.91,1.00,1.00,2.30
4761.96,-5.36,-7.63,-5.36,-7.63,6.02,6.40,3.86,0.67,0.67,2.28
4809.58,-5.69,-7.90,-5.69,-7.91,6.00,6.36,3.82,0.32,0.32,2.22
4857.67,-6.03,-8.16,-6.03,-8.17,6.00,6.28,3.77,-0.03,-0.03,2.14
4906.25,-6.38,-8.41,-6.38,-8.41,6.01,6.17,3.72,-0.36,-0.36,2.04
4955.31,-6.73,-8.62,-6.72,-8.62,6.03,6.04,3.68,-0.69,-0.69,1.90
5004.87,-7.06,-8.80,-7.06,-8.81,6.05,5.89,3.63,-1.01,-1.01,1.75
5054.91,-7.37,-8.95,-7.37,-8.95,6.04,5.71,3.59,-1.32,-1.32,1.59
5105.46,-7.65,-9.05,-7.64,-9.05,6.01,5.54,3.55,-1.63,-1.63,1.41
5156.52,-7.88,-9.09,-7.87,-9.09,5.95,5.35,3.51,-1.93,-1.92,1.22
5208.08,-8.05,-9.05,-8.05,-9.05,5.85,5.16,3.48,-2.20,-2.20,1.01
5260.16,-8.16,-8.95,-8.16,-8.95,5.71,4.97,3.45,-2.45,-2.45,0.80
5312.77,-8.20,-8.78,-8.19,-8.78,5.53,4.78,3.42,-2.67,-2.66,0.59
5365.89,-8.15,-8.53,-8.14,-8.53,5.32,4.61,3.39,-2.83,-2.82,0.39
5419.55,-8.01,-8.20,-8.00,-8.21,5.07,4.43,3.37,-2.93,-2.93,0.20
5473.75,-7.78,-7.82,-7.77,-7.81,4.81,4.27,3.35,-2.97,-2.96,0.05
5528.49,-7.46,-7.36,-7.44,-7.35,4.53,4.11,3.33,-2.92,-2.91,-0.09
5583.77,-7.04,-6.83,-7.02,-6.83,4.25,3.97,3.32,-2.78,-2.77,-0.20
5639.61,-6.53,-6.27,-6.52,-6.27,3.99,3.83,3.31,-2.53,-2.53,-0.25
5696.00,-5.96,-5.69,-5.94,-5.69,3.73,3.71,3.30,-2.22,-2.21,-0.26
5752.96,-5.34,-5.10,-5.31,-5.10,3.48,3.59,3.30,-1.86,-1.84,-0.23
5810.49,-4.66,-4.49,-4.65,-4.51,3.22,3.50,3.30,-1.44,-1.43,-0.16
5868.60,-3.97,-3.92,-3.95,-3.93,2.95,3.40,3.30,-1.02,-1.00,-0.04
5927.28,-3.26,-3.36,-3.25,-3.39,2.68,3.32,3.31,-0.58,-0.57,0.11
5986.56,-2.56,-2.84,-2.55,-2.88,2.40,3.25,3.33,-0.16,-0.15,0.29
6046.42,-1.87,-2.35,-1.87,-2.41,2.13,3.19,3.34,0.26,0.26,0.49
6106.89,-1.20,-1.90,-1.23,-2.00,1.87,3.14,3.36,0.67,0.64,0.71
6167.96,-0.59,-1.53,-0.64,-1.67,1.65,3.10,3.38,1.06,1.00,0.95
6229.64,-0.03,-1.22,-0.12,-1.42,1.47,3.07,3.41,1.44,1.34,1.20
6291.93,0.45,-1.01,0.31,-1.27,1.35,3.05,3.44,1.80,1.66,1.47
6354.85,0.88,-0.86,0.66,-1.22,1.31,3.04,3.47,2.19,1.97,1.75
6418.40,1.22,-0.80,0.91,-1.27,1.34,3.04,3.51,2.57,2.26,2.03
6482.58,1.48,-0.84,1.08,-1.41,1.46,3.05,3.55,2.95,2.55,2.33
6547.41,1.70,-0.91,1.16,-1.63,1.67,3.07,3.59,3.37,2.83,2.62
6612.88,1.85,-1.05,1.17,-1.92,1.94,3.10,3.63,3.79,3.11,2.91
6679.01,1.96,-1.23,1.11,-2.26,2.26,3.14,3.68,4.23,3.38,3.20
6745.80,2.03,-1.45,1.00,-2.63,2.62,3.19,3.73,4.65,3.62,3.49
6813.26,2.06,-1.70,0.87,-3.00,2.98,3.26,3.78,5.04,3.85,3.77
6881.39,2.09,-1.94,0.72,-3.36,3.33,3.33,3.83,5.42,4.05,4.04
6950.21,2.12,-2.19,0.57,-3.70,3.66,3.42,3.88,5.78,4.23,4.32
7019.71,2.12,-2.46,0.43,-3.99,3.95,3.51,3.93,6.07,4.38,4.59
7089.91,2.11,-2.72,0.31,-4.23,4.19,3.62,3.98,6.31,4.51,4.84
7160.81,2.09,-2.97,0.22,-4.42,4.39,3.73,4.03,6.48,4.61,5.07
7232.41,2.06,-3.19,0.16,-4.56,4.54,3.86,4.08,6.60,4.70,5.26
7304.74,2.00,-3.40,0.13,-4.66,4.65,3.99,4.13,6.65,4.77,5.41
7377.79,1.94,-3.58,0.13,-4.71,4.71,4.13,4.17,6.66,4.84,5.53
7451.56,1.86,-3.74,0.16,-4.74,4.74,4.28,4.21,6.61,4.90,5.61
7526.08,1.76,-3.86,0.21,-4.74,4.75,4.43,4.24,6.52,4.96,5.63
7601.34,1.64,-3.97,0.29,-4.73,4.74,4.58,4.27,6.38,5.03,5.62
7677.35,1.49,-4.06,0.38,-4.70,4.71,4.71,4.29,6.20,5.09,5.56
7754.13,1.34,-4.11,0.49,-4.66,4.67,4.85,4.31,6.01,5.16,5.46
7831.67,1.18,-4.14,0.61,-4.61,4.62,4.96,4.31,5.81,5.23,5.33
7909.98,1.01,-4.17,0.74,-4.56,4.57,5.06,4.32,5.58,5.31,5.19
7989.08,0.85,-4.19,0.89,-4.50,4.50,5.12,4.31,5.36,5.39,5.05
8068.98,0.71,-4.19,1.03,-4.43,4.44,5.17,4.29,5.15,5.47,4.91
8149.67,0.59,-4.21,1.19,-4.36,4.36,5.16,4.26,4.96,5.55,4.81
8231.16,0.50,-4.24,1.35,-4.28,4.28,5.15,4.24,4.78,5.63,4.75
8313.47,0.44,-4.31,1.51,-4.20,4.19,5.08,4.19,4.64,5.70,4.76
8396.61,0.43,-4.41,1.67,-4.10,4.10,5.00,4.14,4.53,5.77,4.85
8480.57,0.45,-4.56,1.83,-4.00,4.00,4.87,4.08,4.45,5.83,5.02
8565.38,0.50,-4.74,1.99,-3.90,3.90,4.74,4.02,4.40,5.88,5.25
8651.03,0.56,-4.98,2.14,-3.79,3.79,4.58,3.95,4.35,5.93,5.55
8737.54,0.66,-5.24,2.29,-3.68,3.68,4.42,3.88,4.34,5.97,5.91
8824.92,0.76,-5.55,2.43,-3.56,3.56,4.24,3.79,4.33,6.00,6.32
8913.17,0.87,-5.87,2.57,-3.45,3.45,4.07,3.71,4.32,6.02,6.75
9002.30,0.99,-6.20,2.69,-3.34,3.34,3.90,3.62,4.33,6.03,7.20
9092.32,1.11,-6.47,2.80,-3.23,3.23,3.73,3.53,4.34,6.03,7.59
9183.25,1.22,-6.70,2.90,-3.12,3.12,3.57,3.44,4.35,6.03,7.93
9275.08,1.33,-6.86,2.99,-3.02,3.02,3.41,3.35,4.36,6.01,8.20
9367.83,1.44,-6.95,3.07,-2.93,2.93,3.27,3.25,4.37,5.99,8.40
9461.51,1.53,-6.97,3.12,-2.84,2.84,3.13,3.16,4.38,5.97,8.51
9556.12,1.63,-6.87,3.17,-2.76,2.77,3.01,3.06,4.40,5.93,8.51
9651.68,1.73,-6.66,3.19,-2.69,2.70,2.89,2.97,4.43,5.89,8.40
9748.20,1.84,-6.38,3.20,-2.63,2.64,2.79,2.88,4.49,5.85,8.23
9845.68,1.94,-6.02,3.19,-2.58,2.59,2.69,2.79,4.54,5.79,7.97
9944.14,2.04,-5.63,3.16,-2.55,2.55,2.61,2.71,4.59,5.71,7.68
10043.58,2.14,-5.19,3.12,-2.52,2.51,2.52,2.63,4.66,5.63,7.34
10144.02,2.23,-4.76,3.05,-2.49,2.48,2.46,2.55,4.72,5.54,7.00
10245.46,2.33,-4.32,2.99,-2.46,2.45,2.39,2.47,4.79,5.44,6.66
10347.91,2.42,-3.92,2.91,-2.43,2.42,2.33,2.40,4.85,5.33,6.35
10451.39,2.49,-3.58,2.83,-2.40,2.40,2.28,2.32,4.89,5.22,6.08
10555.91,2.57,-3.27,2.74,-2.37,2.37,2.23,2.26,4.94,5.11,5.85
10661.46,2.64,-3.02,2.64,-2.34,2.34,2.19,2.19,4.99,4.98,5.67
10768.08,2.67,-2.84,2.54,-2.31,2.31,2.15,2.13,4.99,4.85,5.52
10875.76,2.69,-2.72,2.43,-2.29,2.29,2.12,2.08,4.98,4.72,5.42
10984.52,2.68,-2.66,2.31,-2.26,2.26,2.09,2.02,4.95,4.57,5.35
11094.36,2.65,-2.64,2.19,-2.24,2.24,2.07,1.97,4.89,4.42,5.30
11205.31,2.59,-2.66,2.05,-2.21,2.21,2.04,1.93,4.81,4.27,5.26
11317.36,2.49,-2.68,1.92,-2.19,2.19,2.02,1.89,4.69,4.11,5.18
11430.53,2.37,-2.70,1.77,-2.17,2.17,2.01,1.85,4.54,3.94,5.08
11544.84,2.22,-2.73,1.62,-2.15,2.15,1.99,1.82,4.37,3.77,4.96
11660.29,2.07,-2.71,1.46,-2.13,2.13,1.98,1.79,4.20,3.59,4.79
11776.89,1.90,-2.67,1.30,-2.11,2.11,1.97,1.76,4.01,3.40,4.58
11894.66,1.71,-2.64,1.12,-2.09,2.09,1.96,1.74,3.80,3.21,4.36
12013.60,1.52,-2.55,0.94,-2.07,2.07,1.96,1.72,3.59,3.01,4.08
12133.74,1.33,-2.42,0.76,-2.05,2.05,1.95,1.71,3.39,2.81,3.76
12255.08,1.15,-2.25,0.56,-2.04,2.04,1.95,1.70,3.19,2.60,3.41
12377.63,0.99,-2.04,0.36,-2.02,2.02,1.94,1.70,3.02,2.39,3.04
12501.41,0.84,-1.79,0.16,-2.01,2.01,1.94,1.70,2.85,2.16,2.64
12626.42,0.72,-1.50,-0.06,-1.99,1.99,1.94,1.70,2.72,1.94,2.23
12752.68,0.62,-1.19,-0.28,-1.98,1.98,1.93,1.71,2.60,1.70,1.82
12880.21,0.55,-0.88,-0.51,-1.97,1.97,1.93,1.73,2.52,1.46,1.44
13009.01,0.50,-0.56,-0.74,-1.96,1.96,1.93,1.75,2.46,1.21,1.07
13139.10,0.46,-0.26,-0.98,-1.94,1.94,1.93,1.78,2.41,0.96,0.73
13270.49,0.42,-0.01,-1.23,-1.93,1.93,1.93,1.81,2.36,0.70,0.44
13403.20,0.37,0.19,-1.49,-1.93,1.93,1.93,1.86,2.30,0.44,0.19
13537.23,0.31,0.36,-1.75,-1.92,1.92,1.93,1.90,2.23,0.17,-0.04
13672.60,0.25,0.53,-2.02,-1.91,1.91,1.93,1.96,2.16,-0.11,-0.27
13809.33,0.16,0.66,-2.29,-1.90,1.90,1.94,2.02,2.07,-0.39,-0.49
13947.42,0.04,0.77,-2.58,-1.90,1.90,1.94,2.10,1.94,-0.68,-0.72
14086.90,-0.11,0.87,-2.87,-1.89,1.89,1.94,2.18,1.79,-0.98,-0.97
14227.77,-0.28,0.96,-3.17,-1.89,1.89,1.94,2.27,1.61,-1.28,-1.23
14370.04,-0.49,1.06,-3.47,-1.88,1.88,1.94,2.37,1.40,-1.58,-1.54
14513.74,-0.74,1.18,-3.78,-1.88,1.88,1.94,2.48,1.15,-1.90,-1.91
14658.88,-1.05,1.28,-4.10,-1.88,1.88,1.94,2.60,0.83,-2.22,-2.32
14805.47,-1.42,1.38,-4.42,-1.88,1.88,1.94,2.72,0.46,-2.54,-2.79
14953.52,-1.86,1.48,-4.75,-1.88,1.88,1.94,2.85,0.02,-2.88,-3.33
15103.06,-2.36,1.60,-5.09,-1.88,1.88,1.94,2.98,-0.48,-3.21,-3.95
15254.09,-2.90,1.72,-5.44,-1.88,1.88,1.94,3.10,-1.02,-3.56,-4.61
15406.63,-3.53,1.79,-5.79,-1.88,1.88,1.94,3.22,-1.64,-3.91,-5.31
15560.70,-4.23,1.80,-6.15,-1.89,1.89,1.94,3.32,-2.34,-4.26,-6.02
15716.30,-4.99,1.72,-6.52,-1.89,1.89,1.94,3.39,-3.10,-4.63,-6.70
15873.47,-5.80,1.56,-6.89,-1.89,1.89,1.93,3.43,-3.90,-4.99,-7.35
16032.20,-6.67,1.30,-7.27,-1.90,1.90,1.93,3.42,-4.77,-5.37,-7.96
16192.52,-7.57,1.01,-7.66,-1.91,1.91,1.93,3.38,-5.66,-5.75,-8.57
16354.45,-8.50,0.60,-8.05,-1.91,1.91,1.93,3.28,-6.58,-6.14,-9.09
16517.99,-9.44,0.07,-8.45,-1.92,1.92,1.93,3.14,-7.52,-6.53,-9.50
16683.17,-10.34,-0.53,-8.86,-1.93,1.93,1.93,2.96,-8.41,-6.93,-9.80
16850.01,-11.19,-1.19,-9.27,-1.94,1.94,1.93,2.76,-9.25,-7.33,-9.99
17018.51,-11.99,-1.87,-9.69,-1.95,1.95,1.92,2.53,-10.04,-7.74,-10.11
17188.69,-12.71,-2.40,-10.12,-1.96,1.96,1.92,2.31,-10.75,-8.16,-10.30
17360.58,-13.34,-2.94,-10.56,-1.97,1.97,1.92,2.07,-11.36,-8.58,-10.39
17534.18,-13.88,-3.45,-11.00,-1.99,1.99,1.92,1.85,-11.89,-9.01,-10.42
17709.53,-14.34,-3.96,-11.45,-2.00,2.00,1.92,1.64,-12.34,-9.45,-10.37
17886.62,-14.73,-4.43,-11.90,-2.01,2.01,1.91,1.44,-12.71,-9.89,-10.29
18065.49,-15.04,-4.68,-12.37,-2.03,2.03,1.91,1.26,-13.01,-10.34,-10.35
18246.14,-15.33,-4.79,-12.84,-2.04,2.04,1.91,1.09,-13.28,-10.79,-10.53
18428.60,-15.58,-4.90,-13.31,-2.06,2.06,1.91,0.94,-13.52,-11.25,-10.67
18612.89,-15.77,-4.98,-13.80,-2.08,2.08,1.91,0.81,-13.69,-11.72,-10.78
18799.02,-15.90,-5.06,-14.29,-2.10,2.10,1.90,0.69,-13.80,-12.19,-10.83
18987.01,-15.97,-5.12,-14.79,-2.12,2.12,1.90,0.59,-13.85,-12.67,-10.84
19176.88,-15.99,-4.87,-15.29,-2.14,2.14,1.90,0.50,-13.85,-13.15,-11.11
19368.65,-15.94,-4.57,-15.80,-2.16,2.16,1.90,0.42,-13.78,-13.64,-11.36
19562.33,-15.84,-4.27,-16.32,-2.18,2.18,1.90,0.35,-13.66,-14.14,-11.56
19757.96,-15.68,-3.95,-16.84,-2.20,2.20,1.90,0.28,-13.47,-14.64,-11.72
19955.54,-15.45,-3.60,-17.38,-2.22,2.22,1.89,0.21,-13.22,-15.15,-11.84
