frequency,raw,smoothed,error,error_smoothed,equalization,parametric_eq,fixed_band_eq,equalized_raw,equalized_smoothed,target
20.00,6.18,6.18,0.48,0.48,-0.45,-0.19,-1.19,5.73,5.73,5.70
20.20,6.26,6.26,0.53,0.53,-0.52,-0.25,-1.22,5.74,5.74,5.73
20.40,6.35,6.34,0.59,0.58,-0.59,-0.32,-1.25,5.76,5.75,5.76
20.61,6.43,6.43,0.65,0.64,-0.66,-0.38,-1.29,5.77,5.77,5.78
20.81,6.51,6.51,0.70,0.70,-0.72,-0.44,-1.32,5.79,5.79,5.81
21.02,6.59,6.59,0.75,0.76,-0.78,-0.51,-1.36,5.81,5.81,5.84
21.23,6.68,6.68,0.83,0.83,-0.84,-0.57,-1.39,5.84,5.84,5.85
21.44,6.76,6.76,0.90,0.90,-0.89,-0.64,-1.43,5.87,5.87,5.86
21.66,6.83,6.83,0.96,0.96,-0.94,-0.70,-1.47,5.89,5.89,5.87
21.87,6.89,6.89,1.02,1.01,-0.98,-0.77,-1.51,5.91,5.90,5.87
22.09,6.93,6.92,1.05,1.05,-1.02,-0.83,-1.55,5.91,5.90,5.88
22.31,6.95,6.95,1.07,1.07,-1.05,-0.90,-1.59,5.89,5.89,5.88
22.54,6.97,6.97,1.09,1.09,-1.09,-0.96,-1.64,5.88,5.87,5.88
22.76,6.99,6.99,1.11,1.12,-1.14,-1.03,-1.68,5.85,5.85,5.88
22.99,7.03,7.03,1.16,1.16,-1.20,-1.10,-1.73,5.83,5.84,5.86
23.22,7.10,7.10,1.23,1.24,-1.27,-1.16,-1.77,5.83,5.83,5.86
23.45,7.20,7.20,1.34,1.34,-1.37,-1.23,-1.82,5.83,5.83,5.86
23.69,7.33,7.33,1.46,1.47,-1.49,-1.30,-1.87,5.83,5.84,5.86
23.92,7.48,7.48,1.62,1.61,-1.63,-1.37,-1.92,5.85,5.85,5.86
24.16,7.64,7.64,1.77,1.77,-1.78,-1.43,-1.97,5.86,5.86,5.87
24.40,7.80,7.80,1.93,1.94,-1.92,-1.50,-2.02,5.88,5.88,5.87
24.65,7.95,7.95,2.09,2.08,-2.06,-1.57,-2.08,5.89,5.89,5.86
24.89,8.08,8.07,2.22,2.21,-2.17,-1.64,-2.13,5.91,5.90,5.86
25.14,8.16,8.16,2.30,2.31,-2.26,-1.71,-2.18,5.90,5.91,5.86
25.39,8.23,8.22,2.37,2.36,-2.32,-1.78,-2.24,5.91,5.90,5.86
25.65,8.23,8.23,2.37,2.38,-2.35,-1.84,-2.29,5.88,5.88,5.86
25.91,8.23,8.23,2.38,2.38,-2.37,-1.91,-2.35,5.86,5.85,5.84
26.16,8.21,8.21,2.37,2.37,-2.38,-1.98,-2.40,5.83,5.83,5.84
26.43,8.20,8.20,2.36,2.36,-2.39,-2.05,-2.46,5.80,5.81,5.84
26.69,8.22,8.21,2.38,2.37,-2.42,-2.12,-2.52,5.80,5.80,5.84
26.96,8.25,8.26,2.41,2.41,-2.45,-2.19,-2.57,5.80,5.80,5.84
27.23,8.32,8.32,2.48,2.48,-2.51,-2.26,-2.63,5.81,5.81,5.84
27.50,8.41,8.40,2.57,2.57,-2.58,-2.33,-2.69,5.83,5.82,5.84
27.77,8.50,8.50,2.67,2.67,-2.67,-2.40,-2.74,5.83,5.83,5.83
28.05,8.60,8.60,2.77,2.78,-2.77,-2.47,-2.80,5.83,5.83,5.82
28.33,8.70,8.70,2.89,2.88,-2.87,-2.54,-2.85,5.83,5.83,5.81
28.62,8.79,8.79,2.98,2.98,-2.97,-2.62,-2.90,5.82,5.82,5.81
28.90,8.88,8.88,3.07,3.07,-3.06,-2.69,-2.95,5.82,5.81,5.81
29.19,8.95,8.95,3.15,3.15,-3.14,-2.76,-3.00,5.81,5.81,5.80
29.48,9.03,9.02,3.22,3.22,-3.21,-2.83,-3.05,5.82,5.81,5.81
29.78,9.08,9.08,3.28,3.28,-3.27,-2.90,-3.10,5.81,5.81,5.79
30.08,9.12,9.12,3.33,3.33,-3.31,-2.97,-3.15,5.81,5.81,5.79
30.38,9.15,9.14,3.37,3.36,-3.35,-3.04,-3.19,5.80,5.79,5.78
30.68,9.16,9.16,3.38,3.39,-3.38,-3.11,-3.23,5.77,5.78,5.78
30.99,9.18,9.18,3.41,3.41,-3.42,-3.18,-3.27,5.76,5.76,5.77
31.30,9.20,9.20,3.43,3.43,-3.46,-3.26,-3.31,5.74,5.74,5.76
31.61,9.23,9.23,3.47,3.47,-3.50,-3.33,-3.35,5.73,5.73,5.76
31.93,9.28,9.28,3.53,3.53,-3.55,-3.40,-3.38,5.73,5.73,5.75
32.24,9.34,9.34,3.60,3.60,-3.61,-3.47,-3.42,5.73,5.73,5.74
32.57,9.41,9.40,3.67,3.67,-3.67,-3.54,-3.45,5.73,5.73,5.73
32.89,9.47,9.47,3.74,3.74,-3.74,-3.61,-3.48,5.73,5.73,5.73
33.22,9.53,9.53,3.81,3.81,-3.80,-3.68,-3.51,5.73,5.73,5.72
33.55,9.59,9.58,3.87,3.87,-3.85,-3.75,-3.54,5.73,5.73,5.72
33.89,9.63,9.63,3.92,3.92,-3.90,-3.83,-3.57,5.73,5.73,5.70
34.23,9.65,9.65,3.95,3.95,-3.92,-3.90,-3.59,5.72,5.73,5.70
34.57,9.66,9.65,3.97,3.96,-3.94,-3.97,-3.62,5.71,5.71,5.69
34.92,9.64,9.64,3.96,3.96,-3.96,-4.04,-3.65,5.68,5.68,5.67
35.27,9.62,9.62,3.95,3.95,-3.97,-4.11,-3.67,5.65,5.65,5.67
35.62,9.61,9.61,3.95,3.95,-3.99,-4.18,-3.70,5.62,5.62,5.66
35.97,9.61,9.62,3.96,3.97,-4.00,-4.25,-3.73,5.61,5.61,5.64
36.33,9.64,9.64,4.00,4.00,-4.02,-4.32,-3.76,5.62,5.62,5.64
36.70,9.67,9.67,4.04,4.04,-4.04,-4.39,-3.79,5.63,5.63,5.63
37.06,9.70,9.70,4.09,4.08,-4.06,-4.46,-3.82,5.64,5.64,5.61
37.43,9.72,9.71,4.11,4.11,-4.08,-4.53,-3.85,5.64,5.63,5.61
37.81,9.71,9.71,4.11,4.12,-4.10,-4.60,-3.88,5.61,5.61,5.59
38.19,9.71,9.70,4.13,4.12,-4.11,-4.67,-3.92,5.59,5.59,5.58
38.57,9.69,9.69,4.11,4.12,-4.12,-4.74,-3.95,5.57,5.57,5.57
38.95,9.68,9.68,4.12,4.12,-4.13,-4.81,-3.99,5.55,5.55,5.56
39.34,9.68,9.68,4.13,4.13,-4.13,-4.87,-4.03,5.55,5.54,5.54
39.74,9.68,9.68,4.15,4.15,-4.14,-4.94,-4.08,5.54,5.54,5.53
40.14,9.69,9.69,4.16,4.16,-4.16,-5.01,-4.13,5.53,5.53,5.52
40.54,9.70,9.70,4.19,4.19,-4.19,-5.08,-4.18,5.51,5.51,5.51
40.94,9.73,9.73,4.23,4.23,-4.24,-5.14,-4.23,5.49,5.49,5.50
41.35,9.77,9.77,4.28,4.28,-4.30,-5.21,-4.28,5.47,5.47,5.49
41.76,9.83,9.84,4.35,4.36,-4.38,-5.28,-4.34,5.45,5.45,5.48
42.18,9.93,9.93,4.46,4.46,-4.48,-5.34,-4.41,5.45,5.45,5.47
42.60,10.04,10.04,4.58,4.58,-4.60,-5.41,-4.47,5.44,5.45,5.46
43.03,10.17,10.17,4.72,4.72,-4.72,-5.47,-4.54,5.45,5.45,5.45
43.46,10.29,10.29,4.86,4.86,-4.85,-5.54,-4.61,5.44,5.44,5.43
43.90,10.40,10.40,4.99,4.99,-4.97,-5.60,-4.69,5.42,5.43,5.41
44.33,10.50,10.50,5.11,5.11,-5.09,-5.66,-4.77,5.41,5.40,5.39
44.78,10.59,10.59,5.22,5.22,-5.20,-5.73,-4.85,5.39,5.38,5.37
45.23,10.66,10.66,5.31,5.31,-5.29,-5.79,-4.94,5.37,5.37,5.35
45.68,10.72,10.72,5.39,5.38,-5.37,-5.85,-5.03,5.35,5.35,5.33
46.13,10.76,10.76,5.45,5.44,-5.42,-5.91,-5.12,5.33,5.33,5.31
46.60,10.79,10.78,5.48,5.48,-5.47,-5.97,-5.22,5.31,5.31,5.30
47.06,10.80,10.80,5.51,5.51,-5.52,-6.03,-5.32,5.28,5.28,5.28
47.53,10.81,10.81,5.54,5.54,-5.56,-6.09,-5.42,5.25,5.25,5.26
48.01,10.83,10.83,5.57,5.58,-5.60,-6.15,-5.53,5.23,5.22,5.25
48.49,10.85,10.85,5.62,5.63,-5.65,-6.20,-5.64,5.20,5.20,5.22
48.97,10.88,10.88,5.69,5.69,-5.70,-6.26,-5.75,5.18,5.18,5.19
49.46,10.93,10.92,5.77,5.76,-5.76,-6.32,-5.87,5.17,5.17,5.16
49.96,10.97,10.97,5.84,5.83,-5.82,-6.37,-5.99,5.15,5.15,5.13
50.46,11.02,11.02,5.90,5.90,-5.88,-6.43,-6.11,5.13,5.13,5.12
50.96,11.06,11.06,5.96,5.97,-5.96,-6.48,-6.23,5.10,5.10,5.09
51.47,11.10,11.10,6.04,6.03,-6.03,-6.54,-6.35,5.07,5.07,5.06
51.99,11.15,11.15,6.11,6.11,-6.12,-6.59,-6.48,5.03,5.03,5.04
52.51,11.21,11.21,6.18,6.19,-6.21,-6.64,-6.60,5.00,5.00,5.02
53.03,11.28,11.29,6.28,6.29,-6.31,-6.70,-6.73,4.97,4.98,5.00
53.56,11.38,11.37,6.40,6.40,-6.42,-6.75,-6.85,4.96,4.96,4.97
54.10,11.48,11.48,6.53,6.53,-6.54,-6.80,-6.97,4.94,4.94,4.95
54.64,11.58,11.58,6.65,6.66,-6.66,-6.85,-7.10,4.92,4.93,4.92
55.18,11.69,11.68,6.79,6.79,-6.77,-6.90,-7.21,4.91,4.91,4.90
55.74,11.78,11.78,6.91,6.90,-6.89,-6.96,-7.33,4.89,4.89,4.87
56.29,11.86,11.86,7.01,7.01,-6.99,-7.01,-7.44,4.87,4.87,4.85
56.86,11.93,11.93,7.10,7.10,-7.08,-7.06,-7.54,4.84,4.84,4.82
57.42,11.98,11.98,7.18,7.18,-7.17,-7.11,-7.64,4.81,4.81,4.80
58.00,12.02,12.02,7.24,7.24,-7.24,-7.17,-7.73,4.78,4.78,4.78
58.58,12.05,12.05,7.29,7.30,-7.30,-7.22,-7.82,4.75,4.76,4.76
59.16,12.09,12.09,7.35,7.35,-7.36,-7.28,-7.89,4.73,4.73,4.74
59.76,12.12,12.12,7.40,7.40,-7.41,-7.34,-7.96,4.70,4.70,4.71
60.35,12.15,12.15,7.47,7.46,-7.48,-7.40,-8.01,4.67,4.67,4.68
60.96,12.19,12.19,7.53,7.53,-7.54,-7.46,-8.06,4.64,4.64,4.66
61.57,12.23,12.23,7.61,7.61,-7.62,-7.52,-8.09,4.61,4.61,4.62
62.18,12.28,12.28,7.69,7.69,-7.70,-7.59,-8.12,4.58,4.58,4.58
62.80,12.33,12.33,7.77,7.78,-7.79,-7.66,-8.13,4.54,4.54,4.56
63.43,12.40,12.40,7.87,7.87,-7.88,-7.72,-8.13,4.52,4.52,4.52
64.07,12.47,12.47,7.97,7.97,-7.97,-7.79,-8.12,4.50,4.50,4.50
64.71,12.53,12.53,8.06,8.06,-8.05,-7.85,-8.09,4.48,4.48,4.47
65.35,12.58,12.58,8.13,8.14,-8.12,-7.91,-8.06,4.45,4.46,4.44
66.01,12.62,12.61,8.20,8.20,-8.18,-7.95,-8.02,4.44,4.43,4.42
66.67,12.63,12.63,8.24,8.24,-8.22,-7.99,-7.97,4.40,4.40,4.39
67.33,12.62,12.62,8.26,8.26,-8.25,-8.01,-7.91,4.37,4.37,4.36
68.01,12.59,12.59,8.26,8.26,-8.25,-8.02,-7.84,4.34,4.33,4.33
68.69,12.54,12.54,8.24,8.25,-8.24,-8.01,-7.77,4.30,4.30,4.30
69.37,12.48,12.48,8.21,8.21,-8.22,-7.99,-7.69,4.26,4.26,4.26
70.07,12.41,12.41,8.18,8.17,-8.18,-7.96,-7.60,4.23,4.23,4.23
70.77,12.33,12.33,8.12,8.13,-8.13,-7.91,-7.51,4.19,4.20,4.21
71.48,12.25,12.25,8.08,8.07,-8.08,-7.86,-7.42,4.16,4.16,4.17
72.19,12.16,12.16,8.02,8.02,-8.03,-7.81,-7.32,4.13,4.13,4.14
72.91,12.07,12.07,7.97,7.97,-7.97,-7.75,-7.23,4.09,4.10,4.10
73.64,11.98,11.98,7.91,7.91,-7.91,-7.69,-7.13,4.07,4.06,4.06
74.38,11.88,11.88,7.84,7.85,-7.85,-7.63,-7.03,4.03,4.04,4.04
75.12,11.79,11.78,7.79,7.78,-7.78,-7.57,-6.93,4.01,4.01,4.00
75.87,11.68,11.68,7.71,7.71,-7.70,-7.52,-6.83,3.98,3.98,3.97
76.63,11.56,11.56,7.62,7.62,-7.62,-7.46,-6.74,3.94,3.94,3.94
77.40,11.44,11.44,7.53,7.53,-7.53,-7.41,-6.65,3.91,3.91,3.91
78.17,11.31,11.31,7.44,7.44,-7.44,-7.36,-6.55,3.87,3.87,3.87
78.95,11.18,11.18,7.33,7.34,-7.34,-7.31,-6.47,3.84,3.84,3.84
79.74,11.05,11.04,7.24,7.24,-7.24,-7.27,-6.38,3.81,3.80,3.81
80.54,10.91,10.91,7.13,7.13,-7.14,-7.22,-6.30,3.77,3.77,3.78
81.35,10.77,10.77,7.03,7.03,-7.03,-7.18,-6.22,3.74,3.74,3.74
82.16,10.64,10.64,6.93,6.93,-6.93,-7.13,-6.15,3.71,3.71,3.71
82.98,10.50,10.50,6.82,6.83,-6.82,-7.09,-6.07,3.68,3.67,3.68
83.81,10.36,10.36,6.73,6.72,-6.72,-7.05,-6.01,3.64,3.64,3.63
84.65,10.21,10.21,6.61,6.61,-6.61,-7.00,-5.94,3.60,3.60,3.59
85.50,10.07,10.07,6.50,6.51,-6.50,-6.96,-5.89,3.57,3.57,3.57
86.35,9.93,9.93,6.40,6.40,-6.40,-6.92,-5.83,3.53,3.53,3.53
87.22,9.79,9.79,6.30,6.30,-6.30,-6.88,-5.78,3.49,3.49,3.49
88.09,9.65,9.65,6.20,6.20,-6.20,-6.83,-5.74,3.45,3.45,3.45
88.97,9.52,9.52,6.10,6.11,-6.12,-6.79,-5.70,3.40,3.40,3.42
89.86,9.39,9.39,6.02,6.02,-6.04,-6.75,-5.66,3.35,3.36,3.37
90.76,9.28,9.28,5.96,5.95,-5.96,-6.70,-5.63,3.31,3.32,3.32
91.66,9.18,9.18,5.89,5.90,-5.90,-6.66,-5.60,3.28,3.28,3.29
92.58,9.09,9.08,5.85,5.84,-5.84,-6.61,-5.58,3.25,3.24,3.24
93.51,8.99,8.99,5.79,5.79,-5.79,-6.57,-5.55,3.20,3.21,3.20
94.44,8.90,8.90,5.74,5.74,-5.73,-6.52,-5.54,3.17,3.16,3.16
95.39,8.80,8.80,5.69,5.69,-5.68,-6.48,-5.53,3.12,3.12,3.11
96.34,8.70,8.70,5.64,5.63,-5.62,-6.43,-5.52,3.07,3.07,3.06
97.30,8.59,8.59,5.57,5.58,-5.57,-6.38,-5.51,3.02,3.02,3.01
98.28,8.48,8.48,5.51,5.51,-5.51,-6.33,-5.51,2.97,2.97,2.97
99.26,8.38,8.37,5.46,5.45,-5.45,-6.28,-5.51,2.92,2.92,2.92
100.25,8.27,8.27,5.39,5.39,-5.40,-6.23,-5.52,2.87,2.87,2.88
101.25,8.17,8.17,5.34,5.34,-5.35,-6.18,-5.52,2.82,2.82,2.83
102.27,8.08,8.08,5.29,5.30,-5.31,-6.13,-5.53,2.77,2.77,2.78
103.29,8.00,8.00,5.27,5.26,-5.27,-6.08,-5.54,2.73,2.73,2.73
104.32,7.92,7.92,5.23,5.23,-5.23,-6.02,-5.56,2.69,2.69,2.69
105.37,7.85,7.85,5.20,5.20,-5.20,-5.97,-5.57,2.65,2.65,2.65
106.42,7.77,7.77,5.17,5.17,-5.17,-5.91,-5.58,2.59,2.60,2.60
107.48,7.71,7.70,5.15,5.15,-5.15,-5.86,-5.60,2.56,2.56,2.55
108.56,7.63,7.63,5.13,5.13,-5.12,-5.80,-5.61,2.50,2.51,2.50
109.64,7.56,7.56,5.11,5.10,-5.10,-5.74,-5.62,2.46,2.46,2.45
110.74,7.48,7.48,5.07,5.08,-5.08,-5.68,-5.63,2.40,2.40,2.41
111.85,7.40,7.40,5.04,5.05,-5.05,-5.63,-5.65,2.35,2.35,2.36
112.97,7.33,7.32,5.03,5.02,-5.03,-5.56,-5.65,2.30,2.30,2.29
114.10,7.25,7.25,5.00,5.00,-5.00,-5.50,-5.66,2.25,2.25,2.25
115.24,7.17,7.17,4.97,4.98,-4.98,-5.44,-5.66,2.19,2.19,2.19
116.39,7.10,7.09,4.96,4.95,-4.95,-5.38,-5.65,2.14,2.14,2.14
117.55,7.02,7.02,4.93,4.93,-4.93,-5.32,-5.65,2.09,2.09,2.09
118.73,6.94,6.94,4.91,4.91,-4.90,-5.25,-5.63,2.04,2.04,2.03
119.92,6.87,6.86,4.88,4.88,-4.88,-5.19,-5.61,1.99,1.99,1.99
121.12,6.79,6.79,4.85,4.85,-4.85,-5.12,-5.59,1.94,1.94,1.94
122.33,6.71,6.71,4.83,4.82,-4.83,-5.05,-5.56,1.88,1.88,1.88
123.55,6.64,6.64,4.80,4.80,-4.81,-4.99,-5.53,1.83,1.83,1.84
124.79,6.57,6.57,4.78,4.78,-4.79,-4.92,-5.48,1.78,1.78,1.79
126.03,6.50,6.50,4.76,4.76,-4.77,-4.85,-5.43,1.73,1.73,1.74
127.29,6.44,6.44,4.75,4.75,-4.76,-4.78,-5.37,1.68,1.68,1.69
128.57,6.38,6.38,4.75,4.74,-4.74,-4.71,-5.31,1.64,1.64,1.63
129.85,6.31,6.31,4.73,4.73,-4.72,-4.63,-5.24,1.59,1.59,1.58
131.15,6.25,6.24,4.71,4.71,-4.70,-4.56,-5.17,1.55,1.54,1.53
132.46,6.17,6.17,4.68,4.68,-4.68,-4.49,-5.08,1.49,1.50,1.49
133.79,6.10,6.09,4.65,4.65,-4.65,-4.41,-5.00,1.45,1.45,1.45
135.12,6.01,6.01,4.61,4.61,-4.61,-4.34,-4.90,1.40,1.40,1.39
136.48,5.92,5.92,4.56,4.56,-4.57,-4.26,-4.81,1.35,1.35,1.36
137.84,5.83,5.83,4.51,4.52,-4.52,-4.18,-4.70,1.31,1.31,1.31
139.22,5.74,5.73,4.48,4.47,-4.47,-4.11,-4.60,1.27,1.27,1.26
140.61,5.64,5.64,4.42,4.41,-4.41,-4.03,-4.49,1.23,1.23,1.22
142.02,5.54,5.54,4.34,4.35,-4.36,-3.95,-4.38,1.18,1.19,1.20
143.44,5.45,5.44,4.29,4.29,-4.30,-3.87,-4.26,1.15,1.14,1.15
144.87,5.35,5.35,4.23,4.23,-4.24,-3.79,-4.14,1.11,1.11,1.11
146.32,5.26,5.26,4.18,4.18,-4.18,-3.71,-4.02,1.07,1.08,1.07
147.78,5.17,5.17,4.12,4.12,-4.12,-3.63,-3.90,1.04,1.04,1.05
149.26,5.07,5.07,4.06,4.06,-4.06,-3.54,-3.78,1.01,1.01,1.01
150.75,4.97,4.97,4.01,4.00,-4.00,-3.46,-3.65,0.97,0.97,0.96
152.26,4.86,4.86,3.93,3.93,-3.93,-3.38,-3.53,0.93,0.93,0.92
153.78,4.75,4.75,3.86,3.86,-3.86,-3.29,-3.40,0.89,0.89,0.89
155.32,4.63,4.63,3.78,3.78,-3.78,-3.21,-3.28,0.85,0.85,0.84
156.88,4.51,4.51,3.70,3.70,-3.70,-3.12,-3.16,0.81,0.81,0.81
158.44,4.38,4.38,3.61,3.61,-3.61,-3.04,-3.03,0.77,0.77,0.77
160.03,4.25,4.25,3.52,3.52,-3.52,-2.95,-2.91,0.73,0.73,0.73
161.63,4.11,4.11,3.42,3.42,-3.42,-2.86,-2.79,0.69,0.69,0.68
163.24,3.97,3.97,3.32,3.32,-3.32,-2.78,-2.67,0.65,0.65,0.64
164.88,3.83,3.83,3.22,3.22,-3.22,-2.69,-2.55,0.61,0.61,0.61
166.53,3.69,3.69,3.11,3.11,-3.11,-2.60,-2.43,0.58,0.57,0.57
168.19,3.54,3.54,3.00,3.01,-3.01,-2.52,-2.31,0.53,0.54,0.54
169.87,3.40,3.39,2.90,2.90,-2.90,-2.43,-2.19,0.50,0.50,0.50
171.57,3.25,3.25,2.79,2.79,-2.79,-2.34,-2.07,0.46,0.46,0.46
173.29,3.10,3.10,2.67,2.68,-2.68,-2.25,-1.96,0.42,0.42,0.43
175.02,2.96,2.96,2.57,2.57,-2.57,-2.16,-1.85,0.38,0.38,0.39
176.77,2.81,2.81,2.46,2.46,-2.46,-2.07,-1.73,0.34,0.35,0.34
178.54,2.66,2.66,2.36,2.35,-2.35,-1.99,-1.62,0.31,0.31,0.30
180.32,2.51,2.51,2.24,2.24,-2.24,-1.90,-1.51,0.27,0.27,0.27
182.13,2.35,2.35,2.11,2.12,-2.12,-1.81,-1.41,0.23,0.23,0.23
183.95,2.19,2.19,2.00,2.00,-1.99,-1.72,-1.30,0.20,0.20,0.19
185.79,2.03,2.03,1.87,1.87,-1.86,-1.63,-1.19,0.17,0.17,0.16
187.65,1.86,1.86,1.74,1.73,-1.72,-1.55,-1.09,0.14,0.14,0.12
189.52,1.68,1.68,1.59,1.59,-1.58,-1.46,-0.98,0.10,0.10,0.09
191.42,1.50,1.50,1.44,1.44,-1.44,-1.37,-0.88,0.06,0.06,0.06
193.33,1.32,1.32,1.29,1.29,-1.30,-1.28,-0.78,0.02,0.03,0.03
195.27,1.15,1.15,1.14,1.15,-1.15,-1.20,-0.68,-0.01,-0.01,0.00
197.22,0.99,0.99,1.01,1.01,-1.02,-1.11,-0.58,-0.03,-0.03,-0.02
199.19,0.83,0.83,0.89,0.88,-0.89,-1.02,-0.49,-0.06,-0.06,-0.06
201.18,0.69,0.69,0.77,0.77,-0.77,-0.94,-0.39,-0.08,-0.08,-0.08
203.19,0.55,0.55,0.64,0.65,-0.65,-0.85,-0.29,-0.11,-0.10,-0.09
205.23,0.43,0.43,0.55,0.54,-0.55,-0.77,-0.20,-0.12,-0.12,-0.12
207.28,0.31,0.31,0.43,0.44,-0.45,-0.68,-0.11,-0.14,-0.14,-0.12
209.35,0.21,0.21,0.36,0.36,-0.36,-0.60,-0.02,-0.15,-0.15,-0.15
211.44,0.11,0.11,0.28,0.27,-0.26,-0.52,0.07,-0.16,-0.16,-0.17
213.56,0.01,0.01,0.18,0.18,-0.18,-0.44,0.15,-0.17,-0.17,-0.18
215.69,-0.09,-0.09,0.09,0.09,-0.09,-0.35,0.24,-0.18,-0.18,-0.18
217.85,-0.19,-0.19,0.00,0.00,-0.00,-0.27,0.32,-0.19,-0.19,-0.19
220.03,-0.28,-0.29,-0.08,-0.08,0.09,-0.19,0.40,-0.20,-0.20,-0.20
222.23,-0.38,-0.38,-0.16,-0.17,0.17,-0.11,0.48,-0.21,-0.20,-0.22
224.45,-0.47,-0.47,-0.26,-0.26,0.26,-0.04,0.56,-0.21,-0.21,-0.21
226.70,-0.56,-0.56,-0.35,-0.35,0.35,0.04,0.63,-0.21,-0.21,-0.21
228.96,-0.65,-0.65,-0.44,-0.44,0.44,0.12,0.70,-0.21,-0.21,-0.21
231.25,-0.73,-0.73,-0.53,-0.53,0.52,0.19,0.77,-0.21,-0.21,-0.20
233.57,-0.81,-0.81,-0.61,-0.61,0.60,0.27,0.83,-0.21,-0.21,-0.20
235.90,-0.88,-0.88,-0.68,-0.68,0.68,0.34,0.89,-0.20,-0.20,-0.20
238.26,-0.95,-0.95,-0.75,-0.76,0.76,0.42,0.95,-0.19,-0.19,-0.20
240.64,-1.02,-1.02,-0.83,-0.83,0.83,0.49,1.00,-0.19,-0.18,-0.19
243.05,-1.08,-1.08,-0.90,-0.90,0.91,0.56,1.05,-0.17,-0.18,-0.18
245.48,-1.14,-1.14,-0.98,-0.98,0.98,0.63,1.10,-0.16,-0.17,-0.17
247.93,-1.20,-1.20,-1.05,-1.05,1.05,0.70,1.15,-0.16,-0.16,-0.15
250.41,-1.26,-1.26,-1.11,-1.11,1.11,0.76,1.19,-0.15,-0.15,-0.15
252.92,-1.31,-1.31,-1.18,-1.18,1.18,0.83,1.22,-0.13,-0.13,-0.13
255.45,-1.35,-1.36,-1.24,-1.24,1.24,0.89,1.26,-0.11,-0.12,-0.11
258.00,-1.40,-1.40,-1.31,-1.30,1.30,0.96,1.29,-0.10,-0.10,-0.09
260.58,-1.43,-1.43,-1.35,-1.36,1.36,1.02,1.31,-0.07,-0.08,-0.08
263.19,-1.47,-1.47,-1.41,-1.41,1.41,1.08,1.34,-0.06,-0.06,-0.06
265.82,-1.50,-1.50,-1.46,-1.46,1.47,1.14,1.36,-0.03,-0.04,-0.04
268.48,-1.54,-1.54,-1.52,-1.52,1.52,1.20,1.38,-0.02,-0.02,-0.02
271.16,-1.57,-1.57,-1.58,-1.57,1.57,1.26,1.39,0.00,0.00,0.00
273.87,-1.60,-1.61,-1.62,-1.63,1.63,1.32,1.41,0.02,0.02,0.02
276.61,-1.64,-1.64,-1.69,-1.68,1.68,1.37,1.42,0.04,0.04,0.04
279.38,-1.67,-1.67,-1.73,-1.73,1.73,1.42,1.43,0.06,0.06,0.06
282.17,-1.70,-1.70,-1.77,-1.78,1.78,1.48,1.44,0.08,0.08,0.07
284.99,-1.73,-1.73,-1.83,-1.83,1.83,1.53,1.44,0.10,0.10,0.10
287.84,-1.76,-1.76,-1.88,-1.88,1.88,1.58,1.45,0.12,0.12,0.11
290.72,-1.79,-1.79,-1.93,-1.93,1.93,1.63,1.45,0.13,0.14,0.14
293.63,-1.81,-1.81,-1.97,-1.97,1.97,1.67,1.46,0.16,0.16,0.15
296.57,-1.83,-1.83,-2.01,-2.01,2.01,1.72,1.46,0.18,0.18,0.18
299.53,-1.85,-1.85,-2.05,-2.05,2.05,1.76,1.46,0.20,0.20,0.20
302.53,-1.86,-1.86,-2.07,-2.08,2.08,1.81,1.46,0.22,0.22,0.21
305.55,-1.86,-1.86,-2.11,-2.10,2.11,1.85,1.47,0.25,0.24,0.25
308.61,-1.86,-1.86,-2.13,-2.13,2.13,1.89,1.47,0.26,0.26,0.26
311.69,-1.85,-1.85,-2.14,-2.15,2.14,1.93,1.47,0.29,0.29,0.29
314.81,-1.83,-1.83,-2.16,-2.15,2.14,1.96,1.48,0.31,0.31,0.33
317.96,-1.79,-1.80,-2.14,-2.14,2.13,2.00,1.48,0.34,0.34,0.34
321.14,-1.76,-1.76,-2.12,-2.12,2.12,2.03,1.48,0.36,0.36,0.36
324.35,-1.72,-1.72,-2.10,-2.10,2.10,2.07,1.49,0.38,0.38,0.38
327.59,-1.67,-1.67,-2.08,-2.07,2.08,2.10,1.50,0.40,0.40,0.41
330.87,-1.62,-1.62,-2.04,-2.04,2.05,2.13,1.50,0.43,0.42,0.42
334.18,-1.57,-1.57,-2.01,-2.02,2.02,2.16,1.51,0.45,0.44,0.44
337.52,-1.53,-1.53,-1.99,-1.99,1.99,2.19,1.52,0.46,0.47,0.46
340.90,-1.48,-1.48,-1.97,-1.96,1.97,2.22,1.53,0.49,0.48,0.48
344.30,-1.44,-1.44,-1.94,-1.95,1.95,2.24,1.54,0.51,0.50,0.50
347.75,-1.41,-1.41,-1.93,-1.93,1.93,2.27,1.56,0.52,0.52,0.52
351.23,-1.38,-1.38,-1.92,-1.92,1.92,2.29,1.57,0.54,0.54,0.54
354.74,-1.36,-1.36,-1.92,-1.92,1.92,2.31,1.59,0.56,0.56,0.56
358.28,-1.34,-1.34,-1.92,-1.92,1.92,2.33,1.60,0.58,0.58,0.57
361.87,-1.33,-1.33,-1.92,-1.92,1.92,2.35,1.62,0.59,0.59,0.59
365.49,-1.32,-1.32,-1.93,-1.93,1.93,2.37,1.64,0.61,0.60,0.61
369.14,-1.32,-1.32,-1.94,-1.94,1.94,2.39,1.66,0.62,0.62,0.62
372.83,-1.31,-1.31,-1.95,-1.95,1.95,2.40,1.68,0.64,0.64,0.64
376.56,-1.31,-1.31,-1.96,-1.96,1.96,2.42,1.71,0.65,0.65,0.64
380.33,-1.31,-1.31,-1.98,-1.98,1.98,2.43,1.73,0.67,0.66,0.67
384.13,-1.32,-1.32,-2.00,-2.00,1.99,2.45,1.76,0.67,0.68,0.68
387.97,-1.32,-1.32,-2.01,-2.02,2.01,2.46,1.78,0.69,0.69,0.69
391.85,-1.33,-1.33,-2.03,-2.03,2.03,2.47,1.81,0.70,0.70,0.70
395.77,-1.34,-1.34,-2.06,-2.05,2.06,2.48,1.84,0.71,0.71,0.72
399.73,-1.35,-1.35,-2.08,-2.08,2.08,2.49,1.87,0.73,0.73,0.72
403.72,-1.37,-1.37,-2.10,-2.10,2.10,2.50,1.90,0.73,0.73,0.73
407.76,-1.38,-1.38,-2.12,-2.13,2.13,2.50,1.93,0.75,0.75,0.74
411.84,-1.40,-1.40,-2.16,-2.16,2.16,2.51,1.97,0.75,0.76,0.76
415.96,-1.41,-1.41,-2.18,-2.18,2.18,2.51,2.00,0.77,0.77,0.77
420.12,-1.43,-1.43,-2.21,-2.21,2.21,2.52,2.03,0.78,0.78,0.78
424.32,-1.45,-1.45,-2.24,-2.24,2.24,2.52,2.06,0.79,0.79,0.79
428.56,-1.47,-1.47,-2.27,-2.26,2.26,2.52,2.10,0.79,0.80,0.80
432.85,-1.48,-1.49,-2.29,-2.29,2.29,2.52,2.13,0.81,0.81,0.81
437.18,-1.50,-1.50,-2.32,-2.32,2.32,2.53,2.16,0.82,0.82,0.81
441.55,-1.51,-1.51,-2.34,-2.34,2.34,2.53,2.19,0.83,0.83,0.83
445.96,-1.52,-1.52,-2.36,-2.37,2.36,2.52,2.22,0.84,0.84,0.84
450.42,-1.53,-1.53,-2.38,-2.39,2.39,2.52,2.25,0.85,0.85,0.85
454.93,-1.54,-1.54,-2.41,-2.41,2.41,2.52,2.28,0.86,0.87,0.87
459.48,-1.54,-1.54,-2.42,-2.42,2.42,2.52,2.31,0.88,0.88,0.88
464.07,-1.54,-1.54,-2.44,-2.44,2.44,2.51,2.33,0.90,0.90,0.90
468.71,-1.53,-1.53,-2.45,-2.45,2.45,2.51,2.35,0.92,0.92,0.92
473.40,-1.53,-1.53,-2.46,-2.46,2.46,2.50,2.38,0.93,0.93,0.93
478.13,-1.52,-1.52,-2.47,-2.47,2.47,2.50,2.40,0.95,0.95,0.95
482.91,-1.52,-1.52,-2.48,-2.48,2.48,2.49,2.41,0.95,0.96,0.96
487.74,-1.50,-1.51,-2.48,-2.48,2.48,2.49,2.43,0.98,0.97,0.98
492.62,-1.49,-1.49,-2.49,-2.48,2.48,2.48,2.44,0.99,0.99,0.99
497.55,-1.48,-1.48,-2.49,-2.48,2.48,2.47,2.45,1.00,1.00,1.00
502.52,-1.46,-1.46,-2.48,-2.48,2.48,2.46,2.46,1.02,1.02,1.02
507.55,-1.44,-1.44,-2.47,-2.48,2.48,2.45,2.46,1.04,1.04,1.03
512.62,-1.42,-1.42,-2.47,-2.48,2.48,2.45,2.47,1.06,1.06,1.05
517.75,-1.40,-1.40,-2.47,-2.47,2.47,2.44,2.47,1.07,1.07,1.07
522.93,-1.38,-1.38,-2.47,-2.47,2.47,2.43,2.46,1.09,1.09,1.09
528.16,-1.36,-1.36,-2.46,-2.47,2.46,2.42,2.46,1.10,1.10,1.10
533.44,-1.34,-1.34,-2.46,-2.46,2.46,2.40,2.45,1.12,1.12,1.12
538.77,-1.31,-1.32,-2.45,-2.46,2.45,2.39,2.45,1.14,1.14,1.14
544.16,-1.29,-1.29,-2.45,-2.45,2.45,2.38,2.44,1.15,1.16,1.16
549.60,-1.26,-1.26,-2.44,-2.44,2.44,2.37,2.43,1.18,1.18,1.18
555.10,-1.23,-1.24,-2.42,-2.43,2.43,2.36,2.41,1.20,1.19,1.19
560.65,-1.21,-1.21,-2.42,-2.42,2.42,2.35,2.40,1.21,1.21,1.21
566.25,-1.19,-1.19,-2.42,-2.41,2.41,2.33,2.39,1.22,1.22,1.23
571.92,-1.16,-1.16,-2.40,-2.40,2.40,2.32,2.37,1.24,1.24,1.24
577.64,-1.14,-1.14,-2.39,-2.39,2.39,2.31,2.36,1.25,1.25,1.25
583.41,-1.11,-1.11,-2.38,-2.38,2.38,2.29,2.34,1.27,1.27,1.27
589.25,-1.09,-1.09,-2.38,-2.38,2.38,2.28,2.32,1.29,1.28,1.29
595.14,-1.07,-1.07,-2.38,-2.37,2.37,2.27,2.31,1.30,1.30,1.31
601.09,-1.05,-1.05,-2.37,-2.37,2.37,2.25,2.29,1.31,1.32,1.32
607.10,-1.02,-1.02,-2.36,-2.36,2.36,2.24,2.28,1.34,1.34,1.34
613.17,-1.00,-1.00,-2.36,-2.36,2.36,2.22,2.26,1.36,1.36,1.35
619.30,-0.98,-0.98,-2.36,-2.35,2.36,2.21,2.25,1.37,1.38,1.37
625.50,-0.96,-0.96,-2.36,-2.35,2.35,2.19,2.24,1.39,1.39,1.39
631.75,-0.94,-0.94,-2.35,-2.35,2.35,2.18,2.23,1.41,1.41,1.40
638.07,-0.93,-0.93,-2.36,-2.35,2.35,2.17,2.22,1.42,1.42,1.42
644.45,-0.91,-0.91,-2.35,-2.35,2.35,2.15,2.21,1.44,1.44,1.43
650.89,-0.90,-0.90,-2.35,-2.35,2.35,2.14,2.20,1.45,1.45,1.45
657.40,-0.88,-0.88,-2.34,-2.35,2.35,2.12,2.20,1.47,1.46,1.46
663.98,-0.87,-0.87,-2.35,-2.35,2.35,2.11,2.19,1.47,1.48,1.48
670.62,-0.85,-0.85,-2.34,-2.34,2.34,2.09,2.19,1.49,1.49,1.49
677.32,-0.83,-0.84,-2.33,-2.34,2.34,2.08,2.19,1.51,1.50,1.50
684.10,-0.82,-0.82,-2.33,-2.33,2.34,2.06,2.19,1.51,1.52,1.51
690.94,-0.80,-0.80,-2.33,-2.33,2.33,2.05,2.19,1.53,1.53,1.53
697.85,-0.78,-0.78,-2.32,-2.32,2.32,2.04,2.19,1.54,1.54,1.54
704.83,-0.76,-0.76,-2.31,-2.32,2.31,2.02,2.20,1.55,1.55,1.55
711.87,-0.74,-0.74,-2.30,-2.30,2.30,2.01,2.21,1.56,1.56,1.56
718.99,-0.72,-0.72,-2.29,-2.29,2.29,1.99,2.22,1.57,1.57,1.57
726.18,-0.69,-0.69,-2.27,-2.27,2.27,1.98,2.23,1.58,1.58,1.58
733.44,-0.66,-0.66,-2.25,-2.26,2.26,1.97,2.24,1.60,1.59,1.59
740.78,-0.63,-0.63,-2.24,-2.24,2.24,1.95,2.26,1.61,1.61,1.61
748.19,-0.60,-0.60,-2.22,-2.22,2.22,1.94,2.27,1.61,1.61,1.62
755.67,-0.57,-0.57,-2.19,-2.19,2.19,1.93,2.29,1.62,1.62,1.62
763.23,-0.53,-0.54,-2.16,-2.17,2.17,1.92,2.31,1.63,1.63,1.63
770.86,-0.50,-0.50,-2.14,-2.14,2.14,1.91,2.33,1.64,1.64,1.64
778.57,-0.46,-0.46,-2.11,-2.11,2.11,1.89,2.35,1.65,1.65,1.65
786.35,-0.42,-0.42,-2.08,-2.08,2.08,1.88,2.37,1.66,1.66,1.66
794.22,-0.39,-0.39,-2.05,-2.05,2.05,1.87,2.40,1.66,1.67,1.66
802.16,-0.35,-0.35,-2.02,-2.02,2.03,1.86,2.42,1.68,1.67,1.67
810.18,-0.32,-0.32,-2.00,-2.00,2.00,1.85,2.45,1.68,1.68,1.68
818.28,-0.30,-0.30,-1.98,-1.98,1.98,1.84,2.48,1.68,1.68,1.68
826.46,-0.27,-0.27,-1.96,-1.96,1.96,1.83,2.50,1.69,1.69,1.69
834.73,-0.25,-0.25,-1.94,-1.94,1.94,1.82,2.53,1.69,1.69,1.69
843.08,-0.23,-0.23,-1.93,-1.92,1.92,1.82,2.56,1.69,1.70,1.70
851.51,-0.20,-0.21,-1.90,-1.91,1.91,1.81,2.59,1.71,1.70,1.70
860.02,-0.19,-0.19,-1.90,-1.89,1.90,1.80,2.61,1.70,1.71,1.71
868.62,-0.17,-0.17,-1.88,-1.88,1.88,1.80,2.64,1.71,1.71,1.71
877.31,-0.15,-0.15,-1.87,-1.87,1.87,1.79,2.66,1.72,1.72,1.72
886.08,-0.13,-0.13,-1.86,-1.86,1.86,1.79,2.69,1.73,1.73,1.73
894.94,-0.12,-0.12,-1.86,-1.85,1.85,1.78,2.71,1.73,1.74,1.74
903.89,-0.10,-0.10,-1.84,-1.85,1.85,1.78,2.73,1.74,1.74,1.74
912.93,-0.09,-0.09,-1.84,-1.84,1.84,1.78,2.75,1.75,1.75,1.75
922.06,-0.08,-0.08,-1.84,-1.83,1.84,1.78,2.76,1.75,1.76,1.76
931.28,-0.07,-0.07,-1.83,-1.83,1.83,1.77,2.78,1.76,1.76,1.76
940.59,-0.06,-0.06,-1.83,-1.83,1.83,1.78,2.79,1.77,1.77,1.77
950.00,-0.05,-0.05,-1.83,-1.83,1.83,1.78,2.80,1.78,1.78,1.78
959.50,-0.04,-0.04,-1.83,-1.83,1.83,1.78,2.80,1.79,1.79,1.79
969.09,-0.03,-0.03,-1.84,-1.84,1.83,1.78,2.80,1.80,1.80,1.81
978.78,-0.02,-0.02,-1.84,-1.84,1.84,1.79,2.79,1.82,1.82,1.82
988.57,-0.01,-0.01,-1.84,-1.84,1.84,1.79,2.79,1.83,1.83,1.83
998.46,-0.00,-0.00,-1.85,-1.85,1.85,1.80,2.78,1.85,1.85,1.85
1008.44,0.01,0.01,-1.86,-1.86,1.86,1.81,2.76,1.87,1.87,1.87
1018.53,0.01,0.01,-1.88,-1.87,1.87,1.82,2.74,1.88,1.89,1.89
1028.71,0.02,0.02,-1.89,-1.89,1.89,1.83,2.72,1.90,1.90,1.91
1039.00,0.03,0.03,-1.90,-1.90,1.90,1.85,2.69,1.93,1.93,1.93
1049.39,0.03,0.03,-1.92,-1.92,1.92,1.86,2.66,1.95,1.95,1.95
1059.88,0.04,0.04,-1.93,-1.93,1.94,1.88,2.62,1.98,1.97,1.97
1070.48,0.04,0.04,-1.96,-1.96,1.96,1.90,2.59,2.00,2.00,2.00
1081.19,0.05,0.05,-1.98,-1.98,1.98,1.92,2.54,2.03,2.03,2.03
1092.00,0.05,0.05,-2.01,-2.01,2.00,1.94,2.50,2.05,2.05,2.06
1102.92,0.06,0.06,-2.03,-2.03,2.03,1.97,2.45,2.09,2.09,2.09
1113.95,0.07,0.07,-2.05,-2.05,2.05,1.99,2.40,2.12,2.12,2.12
1125.09,0.08,0.08,-2.08,-2.08,2.08,2.02,2.35,2.16,2.16,2.16
1136.34,0.09,0.09,-2.11,-2.11,2.11,2.05,2.30,2.20,2.20,2.20
1147.70,0.11,0.11,-2.14,-2.13,2.13,2.09,2.24,2.24,2.24,2.25
1159.18,0.13,0.13,-2.16,-2.16,2.16,2.13,2.18,2.29,2.29,2.29
1170.77,0.15,0.15,-2.18,-2.18,2.18,2.17,2.12,2.33,2.33,2.33
1182.48,0.17,0.17,-2.21,-2.21,2.21,2.21,2.06,2.38,2.38,2.38
1194.30,0.20,0.20,-2.23,-2.23,2.23,2.25,2.00,2.43,2.42,2.43
1206.25,0.23,0.23,-2.25,-2.25,2.25,2.29,1.94,2.47,2.48,2.48
1218.31,0.27,0.27,-2.27,-2.27,2.26,2.34,1.88,2.53,2.53,2.54
1230.49,0.31,0.31,-2.28,-2.28,2.27,2.39,1.82,2.58,2.58,2.59
1242.80,0.35,0.35,-2.29,-2.29,2.28,2.44,1.75,2.63,2.64,2.64
1255.22,0.40,0.40,-2.30,-2.30,2.29,2.50,1.69,2.69,2.69,2.70
1267.78,0.45,0.45,-2.31,-2.31,2.30,2.55,1.63,2.75,2.75,2.76
1280.45,0.50,0.50,-2.32,-2.32,2.31,2.61,1.57,2.81,2.81,2.82
1293.26,0.55,0.55,-2.34,-2.33,2.33,2.66,1.51,2.88,2.88,2.89
1306.19,0.60,0.60,-2.35,-2.35,2.36,2.72,1.44,2.96,2.96,2.95
1319.25,0.64,0.63,-2.38,-2.39,2.40,2.77,1.38,3.04,3.03,3.02
1332.45,0.65,0.65,-2.44,-2.44,2.45,2.82,1.32,3.10,3.10,3.09
1345.77,0.65,0.65,-2.51,-2.51,2.52,2.87,1.26,3.17,3.17,3.16
1359.23,0.64,0.64,-2.59,-2.59,2.60,2.91,1.20,3.24,3.24,3.23
1372.82,0.62,0.62,-2.69,-2.69,2.69,2.95,1.15,3.31,3.31,3.31
1386.55,0.59,0.59,-2.79,-2.79,2.79,2.99,1.09,3.38,3.37,3.38
1400.41,0.55,0.55,-2.90,-2.89,2.89,3.01,1.03,3.43,3.44,3.45
1414.42,0.53,0.52,-2.99,-3.00,2.98,3.04,0.98,3.51,3.51,3.52
1428.56,0.50,0.50,-3.10,-3.09,3.08,3.05,0.92,3.58,3.58,3.60
1442.85,0.49,0.49,-3.18,-3.18,3.18,3.05,0.87,3.66,3.67,3.67
1457.28,0.49,0.49,-3.25,-3.25,3.27,3.04,0.81,3.75,3.75,3.74
1471.85,0.49,0.49,-3.32,-3.32,3.35,3.03,0.76,3.84,3.84,3.81
1486.57,0.50,0.49,-3.38,-3.39,3.42,3.00,0.71,3.92,3.91,3.88
1501.43,0.51,0.51,-3.45,-3.45,3.46,2.97,0.66,3.97,3.97,3.96
1516.45,0.55,0.55,-3.50,-3.50,3.48,2.93,0.61,4.03,4.03,4.05
1531.61,0.62,0.62,-3.51,-3.51,3.46,2.88,0.56,4.08,4.08,4.13
1546.93,0.74,0.74,-3.48,-3.47,3.40,2.81,0.51,4.14,4.14,4.22
1562.40,0.93,0.93,-3.38,-3.37,3.30,2.75,0.46,4.22,4.23,4.31
1578.02,1.17,1.18,-3.23,-3.21,3.16,2.67,0.41,4.33,4.34,4.40
1593.80,1.48,1.47,-3.00,-3.01,3.00,2.59,0.36,4.48,4.47,4.48
1609.74,1.79,1.79,-2.79,-2.78,2.82,2.51,0.32,4.61,4.62,4.58
1625.84,2.11,2.10,-2.57,-2.58,2.65,2.42,0.27,4.76,4.75,4.68
1642.10,2.38,2.37,-2.40,-2.41,2.48,2.33,0.23,4.86,4.86,4.78
1658.52,2.61,2.61,-2.28,-2.28,2.34,2.24,0.19,4.95,4.94,4.89
1675.10,2.81,2.81,-2.18,-2.18,2.21,2.14,0.14,5.02,5.02,4.99
1691.85,2.99,2.99,-2.10,-2.10,2.10,2.05,0.10,5.08,5.09,5.09
1708.77,3.18,3.18,-2.02,-2.02,1.99,1.95,0.06,5.17,5.17,5.20
1725.86,3.38,3.38,-1.93,-1.93,1.89,1.86,0.03,5.26,5.27,5.31
1743.12,3.61,3.61,-1.82,-1.81,1.77,1.76,-0.01,5.38,5.38,5.43
1760.55,3.87,3.87,-1.67,-1.67,1.64,1.67,-0.05,5.51,5.50,5.54
1778.15,4.15,4.15,-1.51,-1.51,1.49,1.57,-0.08,5.64,5.64,5.66
1795.94,4.44,4.44,-1.33,-1.33,1.33,1.48,-0.11,5.76,5.77,5.77
1813.90,4.75,4.74,-1.14,-1.14,1.15,1.39,-0.15,5.90,5.90,5.89
1832.03,5.05,5.05,-0.96,-0.96,0.97,1.29,-0.18,6.02,6.02,6.01
1850.36,5.35,5.35,-0.79,-0.79,0.79,1.20,-0.20,6.14,6.14,6.14
1868.86,5.64,5.64,-0.62,-0.62,0.62,1.11,-0.23,6.26,6.26,6.26
1887.55,5.92,5.92,-0.46,-0.45,0.47,1.02,-0.25,6.38,6.39,6.38
1906.42,6.20,6.20,-0.30,-0.30,0.32,0.93,-0.27,6.52,6.52,6.50
1925.49,6.46,6.45,-0.17,-0.17,0.19,0.83,-0.29,6.65,6.64,6.63
1944.74,6.70,6.70,-0.06,-0.06,0.07,0.74,-0.31,6.76,6.76,6.76
1964.19,6.93,6.93,0.04,0.05,-0.05,0.65,-0.33,6.88,6.88,6.89
1983.83,7.16,7.16,0.15,0.15,-0.15,0.55,-0.34,7.00,7.00,7.01
2003.67,7.38,7.38,0.24,0.25,-0.26,0.45,-0.35,7.12,7.12,7.14
2023.71,7.59,7.59,0.35,0.35,-0.36,0.35,-0.36,7.23,7.23,7.24
2043.94,7.80,7.80,0.45,0.45,-0.46,0.24,-0.36,7.34,7.34,7.35
2064.38,8.01,8.01,0.55,0.56,-0.56,0.14,-0.37,7.45,7.45,7.46
2085.03,8.22,8.22,0.66,0.66,-0.66,0.02,-0.37,7.56,7.56,7.56
2105.88,8.44,8.43,0.77,0.77,-0.77,-0.10,-0.37,7.67,7.66,7.67
2126.94,8.65,8.65,0.88,0.88,-0.89,-0.22,-0.37,7.76,7.76,7.77
2148.20,8.87,8.87,0.99,1.00,-1.00,-0.35,-0.36,7.87,7.87,7.88
2169.69,9.09,9.09,1.11,1.12,-1.12,-0.49,-0.36,7.97,7.97,7.98
2191.38,9.32,9.32,1.24,1.24,-1.24,-0.64,-0.35,8.08,8.08,8.08
2213.30,9.54,9.54,1.36,1.36,-1.36,-0.80,-0.34,8.18,8.18,8.18
2235.43,9.76,9.76,1.47,1.48,-1.47,-0.97,-0.33,8.29,8.29,8.29
2257.78,9.98,9.98,1.59,1.60,-1.58,-1.15,-0.32,8.39,8.39,8.39
2280.36,10.19,10.19,1.71,1.71,-1.69,-1.34,-0.30,8.50,8.50,8.48
2303.17,10.40,10.39,1.82,1.81,-1.80,-1.54,-0.29,8.60,8.59,8.58
2326.20,10.59,10.59,1.91,1.91,-1.91,-1.75,-0.27,8.68,8.68,8.68
2349.46,10.78,10.78,2.00,2.01,-2.02,-1.97,-0.26,8.76,8.76,8.78
2372.95,10.98,10.97,2.12,2.12,-2.14,-2.19,-0.24,8.84,8.84,8.86
2396.68,11.17,11.18,2.23,2.24,-2.26,-2.41,-0.22,8.91,8.91,8.94
2420.65,11.39,11.39,2.38,2.38,-2.40,-2.62,-0.20,8.99,8.99,9.01
2444.86,11.61,11.61,2.52,2.53,-2.54,-2.82,-0.18,9.07,9.07,9.09
2469.31,11.84,11.84,2.68,2.68,-2.69,-2.99,-0.16,9.15,9.15,9.16
2494.00,12.08,12.07,2.84,2.84,-2.84,-3.13,-0.14,9.24,9.23,9.24
2518.94,12.30,12.30,2.99,3.00,-3.00,-3.24,-0.12,9.30,9.31,9.31
2544.13,12.52,12.52,3.15,3.15,-3.15,-3.28,-0.09,9.37,9.37,9.37
2569.57,12.72,12.72,3.29,3.29,-3.29,-3.29,-0.07,9.43,9.43,9.43
2595.27,12.90,12.91,3.40,3.41,-3.42,-3.23,-0.05,9.48,9.48,9.50
2621.22,13.08,13.08,3.52,3.52,-3.53,-3.14,-0.02,9.54,9.54,9.56
2647.43,13.23,13.23,3.61,3.61,-3.62,-2.99,-0.00,9.61,9.61,9.62
2673.90,13.35,13.35,3.67,3.68,-3.67,-2.83,0.02,9.67,9.68,9.68
2700.64,13.44,13.44,3.71,3.71,-3.69,-2.63,0.05,9.75,9.75,9.73
2727.65,13.48,13.48,3.69,3.70,-3.65,-2.43,0.07,9.83,9.83,9.79
2754.93,13.47,13.46,3.63,3.62,-3.57,-2.21,0.10,9.90,9.89,9.84
2782.48,13.38,13.38,3.49,3.49,-3.44,-2.00,0.12,9.94,9.93,9.89
2810.30,13.23,13.23,3.29,3.30,-3.27,-1.79,0.15,9.96,9.96,9.94
2838.40,13.04,13.04,3.06,3.06,-3.07,-1.59,0.17,9.97,9.97,9.98
2866.79,12.81,12.81,2.80,2.80,-2.83,-1.39,0.20,9.98,9.98,10.01
2895.46,12.58,12.58,2.53,2.54,-2.58,-1.21,0.22,10.00,10.00,10.05
2924.41,12.34,12.34,2.26,2.27,-2.31,-1.03,0.25,10.03,10.03,10.08
2953.65,12.11,12.11,2.00,2.00,-2.04,-0.87,0.28,10.07,10.07,10.11
2983.19,11.88,11.88,1.73,1.74,-1.78,-0.71,0.30,10.10,10.10,10.15
3013.02,11.65,11.65,1.47,1.47,-1.51,-0.55,0.33,10.14,10.14,10.18
3043.15,11.42,11.42,1.20,1.20,-1.25,-0.41,0.35,10.17,10.16,10.22
3073.58,11.16,11.16,0.91,0.91,-0.99,-0.26,0.38,10.16,10.16,10.25
3104.32,10.87,10.87,0.58,0.58,-0.74,-0.13,0.41,10.13,10.13,10.29
3135.36,10.54,10.53,0.22,0.22,-0.48,0.01,0.43,10.06,10.06,10.32
3166.72,10.17,10.17,-0.18,-0.17,-0.22,0.15,0.46,9.95,9.95,10.35
3198.38,9.78,9.78,-0.58,-0.58,0.04,0.29,0.49,9.82,9.82,10.36
3230.37,9.37,9.37,-1.01,-1.01,0.30,0.44,0.51,9.67,9.67,10.38
3262.67,8.96,8.96,-1.43,-1.43,0.56,0.58,0.54,9.51,9.51,10.39
3295.30,8.56,8.56,-1.85,-1.84,0.81,0.74,0.56,9.37,9.38,10.41
3328.25,8.19,8.19,-2.23,-2.23,1.07,0.90,0.59,9.26,9.26,10.42
3361.53,7.85,7.85,-2.58,-2.58,1.33,1.08,0.61,9.18,9.18,10.43
3395.15,7.54,7.54,-2.89,-2.88,1.59,1.26,0.63,9.13,9.13,10.43
3429.10,7.27,7.27,-3.16,-3.16,1.85,1.46,0.66,9.12,9.12,10.43
3463.39,7.04,7.04,-3.38,-3.38,2.11,1.67,0.68,9.15,9.15,10.42
3498.03,6.84,6.85,-3.58,-3.57,2.40,1.90,0.70,9.23,9.24,10.42
3533.01,6.70,6.70,-3.72,-3.72,2.68,2.14,0.72,9.37,9.37,10.42
3568.34,6.59,6.58,-3.82,-3.82,2.94,2.39,0.73,9.53,9.52,10.41
3604.02,6.51,6.52,-3.87,-3.87,3.18,2.65,0.75,9.68,9.69,10.38
3640.06,6.48,6.48,-3.88,-3.87,3.37,2.92,0.76,9.85,9.86,10.36
3676.46,6.49,6.49,-3.85,-3.85,3.53,3.16,0.77,10.02,10.01,10.34
3713.22,6.51,6.51,-3.80,-3.80,3.64,3.39,0.78,10.15,10.15,10.31
3750.36,6.54,6.53,-3.75,-3.75,3.70,3.57,0.79,10.24,10.24,10.29
3787.86,6.56,6.56,-3.69,-3.69,3.72,3.71,0.80,10.28,10.28,10.25
3825.74,6.59,6.58,-3.62,-3.62,3.70,3.76,0.80,10.29,10.28,10.21
3864.00,6.61,6.61,-3.56,-3.56,3.63,3.76,0.79,10.24,10.24,10.17
3902.64,6.64,6.64,-3.49,-3.49,3.53,3.67,0.79,10.17,10.16,10.13
3941.66,6.68,6.68,-3.42,-3.41,3.40,3.51,0.78,10.08,10.08,10.10
3981.08,6.76,6.76,-3.30,-3.29,3.25,3.30,0.77,10.01,10.01,10.06
4020.89,6.88,6.88,-3.13,-3.13,3.09,3.05,0.76,9.97,9.97,10.01
4061.10,7.02,7.02,-2.93,-2.92,2.90,2.77,0.74,9.92,9.93,9.95
4101.71,7.20,7.20,-2.69,-2.69,2.69,2.49,0.72,9.89,9.89,9.89
4142.73,7.39,7.39,-2.45,-2.44,2.45,2.20,0.70,9.84,9.84,9.84
4184.15,7.60,7.60,-2.18,-2.18,2.19,1.91,0.67,9.79,9.78,9.78
4226.00,7.81,7.81,-1.91,-1.91,1.91,1.64,0.64,9.72,9.72,9.72
4268.26,8.03,8.03,-1.63,-1.62,1.63,1.38,0.61,9.66,9.66,9.66
4310.94,8.24,8.24,-1.34,-1.34,1.35,1.13,0.57,9.59,9.58,9.58
4354.05,8.44,8.44,-1.06,-1.06,1.07,0.89,0.53,9.50,9.51,9.50
4397.59,8.64,8.64,-0.79,-0.78,0.78,0.67,0.49,9.42,9.43,9.43
4441.56,8.84,8.84,-0.51,-0.51,0.51,0.45,0.45,9.35,9.35,9.35
4485.98,9.03,9.03,-0.24,-0.24,0.24,0.23,0.40,9.26,9.26,9.27
4530.84,9.21,9.21,0.02,0.03,-0.03,0.02,0.35,9.18,9.18,9.19
4576.15,9.38,9.38,0.28,0.28,-0.28,-0.19,0.30,9.10,9.10,9.10
4621.91,9.54,9.54,0.52,0.53,-0.53,-0.39,0.25,9.01,9.01,9.02
4668.13,9.69,9.69,0.76,0.76,-0.76,-0.60,0.19,8.93,8.93,8.93
4714.81,9.82,9.82,0.98,0.98,-0.98,-0.80,0.14,8.84,8.84,8.84
4761.96,9.93,9.93,1.17,1.18,-1.18,-1.00,0.08,8.75,8.75,8.76
4809.58,10.02,10.02,1.36,1.36,-1.35,-1.20,0.02,8.66,8.66,8.66
4857.67,10.09,10.08,1.52,1.52,-1.51,-1.37,-0.04,8.58,8.57,8.57
4906.25,10.12,10.12,1.64,1.65,-1.64,-1.54,-0.10,8.48,8.48,8.48
4955.31,10.14,10.14,1.76,1.76,-1.75,-1.67,-0.16,8.39,8.39,8.38
5004.87,10.14,10.13,1.85,1.84,-1.83,-1.78,-0.22,8.31,8.30,8.29
5054.91,10.11,10.11,1.90,1.91,-1.89,-1.86,-0.29,8.22,8.22,8.21
5105.46,10.07,10.07,1.94,1.94,-1.93,-1.91,-0.35,8.13,8.14,8.13
5156.52,10.02,10.02,1.96,1.96,-1.96,-1.94,-0.42,8.06,8.05,8.06
5208.08,9.96,9.96,1.98,1.98,-1.98,-1.95,-0.49,7.98,7.97,7.98
5260.16,9.89,9.89,1.99,2.00,-2.00,-1.96,-0.56,7.89,7.90,7.90
5312.77,9.83,9.83,2.01,2.01,-2.01,-1.97,-0.62,7.82,7.82,7.82
5365.89,9.78,9.77,2.04,2.04,-2.04,-1.99,-0.69,7.74,7.74,7.74
5419.55,9.73,9.73,2.07,2.07,-2.08,-2.02,-0.77,7.65,7.65,7.66
5473.75,9.71,9.71,2.12,2.13,-2.14,-2.09,-0.84,7.57,7.57,7.59
5528.49,9.71,9.71,2.20,2.20,-2.22,-2.15,-0.91,7.49,7.49,7.51
5583.77,9.75,9.75,2.32,2.31,-2.33,-2.26,-0.99,7.42,7.42,7.43
5639.61,9.82,9.82,2.45,2.45,-2.46,-2.38,-1.06,7.35,7.35,7.37
5696.00,9.92,9.92,2.62,2.62,-2.64,-2.55,-1.14,7.28,7.28,7.30
5752.96,10.07,10.06,2.83,2.82,-2.84,-2.74,-1.22,7.23,7.22,7.24
5810.49,10.24,10.24,3.06,3.06,-3.08,-2.98,-1.30,7.16,7.16,7.18
5868.60,10.46,10.44,3.34,3.32,-3.35,-3.23,-1.38,7.11,7.09,7.12
5927.28,10.69,10.67,3.63,3.61,-3.65,-3.54,-1.46,7.04,7.02,7.06
5986.56,10.94,10.91,3.95,3.92,-3.96,-3.87,-1.54,6.98,6.95,6.99
6046.42,11.20,11.15,4.29,4.24,-4.27,-4.22,-1.63,6.93,6.88,6.91
6106.89,11.46,11.39,4.64,4.57,-4.58,-4.59,-1.71,6.88,6.81,6.82
6167.96,11.70,11.60,4.97,4.87,-4.85,-4.90,-1.80,6.84,6.74,6.73
6229.64,11.91,11.76,5.27,5.12,-5.09,-5.21,-1.89,6.82,6.67,6.64
6291.93,12.07,11.86,5.52,5.30,-5.26,-5.35,-1.98,6.81,6.60,6.55
6354.85,12.16,11.89,5.69,5.41,-5.35,-5.46,-2.07,6.81,6.54,6.47
6418.40,12.19,11.82,5.80,5.42,-5.36,-5.35,-2.17,6.83,6.46,6.39
6482.58,12.14,11.67,5.82,5.34,-5.27,-5.20,-2.26,6.86,6.39,6.32
6547.41,11.99,11.42,5.75,5.17,-5.10,-4.91,-2.36,6.89,6.32,6.24
6612.88,11.77,11.07,5.61,4.90,-4.85,-4.60,-2.46,6.92,6.23,6.16
6679.01,11.44,10.66,5.36,4.57,-4.53,-4.27,-2.55,6.90,6.12,6.08
6745.80,11.03,10.19,5.03,4.19,-4.18,-3.94,-2.65,6.85,6.01,6.00
6813.26,10.56,9.70,4.65,3.79,-3.81,-3.65,-2.75,6.75,5.88,5.91
6881.39,10.02,9.21,4.21,3.40,-3.45,-3.37,-2.85,6.57,5.76,5.81
6950.21,9.45,8.77,3.73,3.05,-3.12,-3.15,-2.95,6.33,5.65,5.72
7019.71,8.86,8.38,3.23,2.76,-2.84,-2.94,-3.04,6.02,5.54,5.63
7089.91,8.28,8.06,2.74,2.55,-2.61,-2.78,-3.14,5.67,5.45,5.54
7160.81,7.73,7.80,2.29,2.40,-2.45,-2.63,-3.23,5.28,5.35,5.44
7232.41,7.21,7.60,1.88,2.31,-2.34,-2.52,-3.32,4.87,5.26,5.33
7304.74,6.74,7.45,1.52,2.28,-2.29,-2.42,-3.41,4.45,5.17,5.22
7377.79,6.34,7.34,1.23,2.28,-2.27,-2.36,-3.49,4.07,5.07,5.11
7451.56,6.00,7.24,1.00,2.30,-2.29,-2.29,-3.58,3.71,4.96,5.00
7526.08,5.71,7.16,0.82,2.34,-2.32,-2.26,-3.65,3.39,4.85,4.89
7601.34,5.47,7.08,0.68,2.37,-2.35,-2.22,-3.72,3.12,4.73,4.79
7677.35,5.28,6.99,0.59,2.41,-2.38,-2.21,-3.78,2.89,4.61,4.69
7754.13,5.12,6.89,0.53,2.43,-2.41,-2.20,-3.84,2.71,4.48,4.59
7831.67,5.04,6.78,0.55,2.44,-2.42,-2.20,-3.88,2.61,4.36,4.49
7909.98,5.00,6.65,0.61,2.44,-2.43,-2.21,-3.93,2.57,4.23,4.39
7989.08,5.02,6.52,0.73,2.42,-2.42,-2.23,-3.95,2.60,4.10,4.29
8068.98,5.13,6.37,0.95,2.40,-2.40,-2.25,-3.98,2.73,3.97,4.18
8149.67,5.28,6.21,1.21,2.37,-2.37,-2.28,-3.99,2.91,3.84,4.07
8231.16,5.47,6.05,1.52,2.34,-2.34,-2.31,-4.01,3.13,3.71,3.95
8313.47,5.59,5.89,1.75,2.30,-2.30,-2.35,-4.00,3.28,3.58,3.84
8396.61,5.65,5.73,1.92,2.26,-2.27,-2.39,-4.00,3.38,3.46,3.73
8480.57,5.56,5.57,1.94,2.23,-2.24,-2.44,-3.98,3.32,3.33,3.62
8565.38,5.30,5.41,1.81,2.20,-2.20,-2.49,-3.96,3.09,3.21,3.49
8651.03,4.89,5.26,1.53,2.17,-2.18,-2.55,-3.93,2.71,3.08,3.36
8737.54,4.35,5.11,1.12,2.15,-2.15,-2.61,-3.90,2.20,2.96,3.23
8824.92,3.70,4.96,0.60,2.13,-2.13,-2.67,-3.86,1.57,2.83,3.10
8913.17,3.04,4.82,0.07,2.11,-2.11,-2.73,-3.83,0.93,2.71,2.97
9002.30,2.38,4.68,-0.47,2.09,-2.09,-2.80,-3.78,0.29,2.59,2.85
9092.32,1.86,4.54,-0.84,2.07,-2.07,-2.87,-3.74,-0.22,2.46,2.70
9183.25,1.51,4.40,-1.04,2.06,-2.06,-2.94,-3.69,-0.55,2.34,2.55
9275.08,1.33,4.27,-1.07,2.04,-2.05,-3.02,-3.64,-0.72,2.23,2.40
9367.83,1.38,4.14,-0.88,2.03,-2.03,-3.09,-3.60,-0.66,2.11,2.26
9461.51,1.73,4.02,-0.38,2.02,-2.02,-3.17,-3.55,-0.29,2.00,2.11
9556.12,2.25,3.89,0.30,2.01,-1.99,-3.25,-3.51,0.25,1.90,1.95
9651.68,2.88,3.77,1.11,2.00,-1.98,-3.34,-3.46,0.90,1.80,1.77
9748.20,3.52,3.65,1.92,1.98,-1.96,-3.42,-3.42,1.56,1.69,1.60
9845.68,4.01,3.53,2.59,1.96,-1.96,-3.51,-3.39,2.05,1.57,1.42
9944.14,4.33,3.40,3.08,1.94,-1.96,-3.59,-3.35,2.37,1.45,1.25
10043.58,4.43,3.28,3.35,1.92,-1.97,-3.68,-3.32,2.45,1.31,1.08
10144.02,4.38,3.17,3.47,1.98,-2.00,-3.77,-3.30,2.38,1.17,0.91
10245.46,4.08,3.06,3.34,2.04,-2.04,-3.86,-3.27,2.04,1.02,0.74
10347.91,3.70,2.95,3.13,2.10,-2.09,-3.95,-3.26,1.61,0.86,0.57
10451.39,3.22,2.84,2.82,2.17,-2.16,-4.04,-3.24,1.06,0.69,0.40
10555.91,2.70,2.73,2.47,2.24,-2.23,-4.14,-3.24,0.47,0.50,0.23
10661.46,2.16,2.62,2.11,2.31,-2.31,-4.23,-3.23,-0.15,0.32,0.05
10768.08,1.63,2.52,1.78,2.39,-2.39,-4.32,-3.24,-0.76,0.13,-0.15
10875.76,1.10,2.41,1.44,2.47,-2.47,-4.42,-3.24,-1.37,-0.06,-0.34
10984.52,0.59,2.30,1.13,2.55,-2.55,-4.51,-3.26,-1.96,-0.25,-0.54
11094.36,0.12,2.20,0.86,2.64,-2.64,-4.60,-3.28,-2.52,-0.44,-0.74
11205.31,-0.26,2.09,0.67,2.72,-2.72,-4.69,-3.31,-2.99,-0.63,-0.93
11317.36,-0.38,1.99,0.77,2.81,-2.81,-4.78,-3.34,-3.20,-0.83,-1.15
11430.53,-0.34,1.88,1.03,2.91,-2.91,-4.88,-3.38,-3.25,-1.03,-1.37
11544.84,-0.04,1.78,1.54,3.00,-3.00,-4.97,-3.42,-3.05,-1.23,-1.58
11660.29,0.38,1.67,2.18,3.10,-3.10,-5.06,-3.48,-2.73,-1.43,-1.80
11776.89,0.83,1.57,2.85,3.21,-3.21,-5.14,-3.54,-2.38,-1.64,-2.02
11894.66,1.26,1.47,3.47,3.31,-3.31,-5.23,-3.61,-2.05,-1.84,-2.21
12013.60,1.69,1.37,4.10,3.42,-3.42,-5.32,-3.68,-1.73,-2.05,-2.41
12133.74,2.05,1.26,4.65,3.53,-3.53,-5.40,-3.77,-1.48,-2.27,-2.60
12255.08,2.29,1.16,5.08,3.65,-3.65,-5.48,-3.87,-1.36,-2.48,-2.79
12377.63,2.45,1.06,5.43,3.76,-3.76,-5.56,-3.98,-1.31,-2.70,-2.98
12501.41,2.51,0.96,5.68,3.88,-3.88,-5.64,-4.09,-1.37,-2.92,-3.17
12626.42,2.42,0.86,5.78,4.00,-4.00,-5.72,-4.22,-1.59,-3.14,-3.36
12752.68,2.24,0.77,5.79,4.13,-4.13,-5.79,-4.36,-1.89,-3.36,-3.55
12880.21,1.99,0.67,5.73,4.26,-4.26,-5.87,-4.51,-2.27,-3.59,-3.74
13009.01,1.72,0.57,5.65,4.39,-4.39,-5.94,-4.68,-2.67,-3.82,-3.93
13139.10,1.45,0.47,5.57,4.52,-4.52,-6.01,-4.86,-3.08,-4.05,-4.12
13270.49,1.24,0.38,5.54,4.66,-4.66,-6.07,-5.06,-3.42,-4.28,-4.30
13403.20,1.07,0.28,5.52,4.80,-4.80,-6.14,-5.28,-3.73,-4.52,-4.45
13537.23,1.03,0.19,5.64,4.95,-4.95,-6.20,-5.51,-3.92,-4.76,-4.61
13672.60,1.02,0.09,5.79,5.09,-5.09,-6.26,-5.77,-4.07,-5.00,-4.77
13809.33,1.04,-0.00,5.97,5.24,-5.24,-6.31,-6.05,-4.20,-5.24,-4.93
13947.42,0.97,-0.10,6.06,5.39,-5.39,-6.37,-6.36,-4.42,-5.49,-5.09
14086.90,0.76,-0.19,6.00,5.55,-5.55,-6.42,-6.68,-4.79,-5.74,-5.24
14227.77,0.45,-0.28,5.82,5.70,-5.70,-6.47,-7.04,-5.26,-5.99,-5.37
14370.04,0.01,-0.38,5.52,5.86,-5.86,-6.51,-7.43,-5.86,-6.24,-5.51
14513.74,-0.57,-0.47,5.08,6.03,-6.03,-6.56,-7.86,-6.60,-6.49,-5.65
14658.88,-1.25,-0.56,4.53,6.19,-6.19,-6.60,-8.30,-7.45,-6.75,-5.78
14805.47,-1.88,-0.65,4.04,6.36,-6.36,-6.64,-8.80,-8.25,-7.01,-5.92
14953.52,-2.40,-0.74,3.66,6.54,-6.54,-6.68,-9.30,-8.94,-7.27,-6.06
15103.06,-2.60,-0.83,3.63,6.71,-6.71,-6.71,-9.85,-9.31,-7.54,-6.23
15254.09,-2.64,-0.92,3.77,6.89,-6.89,-6.75,-10.39,-9.53,-7.81,-6.41
15406.63,-2.22,-1.00,4.37,7.07,-7.07,-6.78,-10.92,-9.29,-8.08,-6.59
15560.70,-1.72,-1.09,5.06,7.25,-7.25,-6.81,-11.40,-8.98,-8.35,-6.78
15716.30,-1.11,-1.18,5.85,7.44,-7.44,-6.83,-11.78,-8.55,-8.62,-6.96
15873.47,-0.55,-1.27,6.59,7.63,-7.63,-6.86,-12.04,-8.18,-8.90,-7.14
16032.20,-0.06,-1.35,7.29,7.82,-7.82,-6.88,-12.05,-7.88,-9.18,-7.35
16192.52,0.25,-1.44,7.89,8.02,-8.02,-6.90,-11.92,-7.77,-9.46,-7.64
16354.45,0.36,-1.52,8.29,8.22,-8.22,-6.92,-11.49,-7.86,-9.74,-7.93
16517.99,0.34,-1.61,8.56,8.42,-8.42,-6.94,-10.97,-8.08,-10.03,-8.22
16683.17,0.11,-1.69,8.62,8.62,-8.62,-6.96,-10.26,-8.51,-10.31,-8.51
16850.01,-0.19,-1.78,8.61,8.83,-8.83,-6.97,-9.52,-9.02,-10.61,-8.80
17018.51,-0.54,-1.86,8.57,9.04,-9.04,-6.98,-8.74,-9.58,-10.90,-9.11
17188.69,-0.87,-1.94,8.72,9.25,-9.25,-7.00,-7.96,-10.12,-11.19,-9.59
17360.58,-1.17,-2.02,8.89,9.47,-9.47,-7.01,-7.21,-10.64,-11.49,-10.06
17534.18,-1.44,-2.10,9.10,9.69,-9.69,-7.02,-6.49,-11.13,-11.79,-10.54
17709.53,-1.68,-2.18,9.33,9.91,-9.91,-7.03,-5.82,-11.59,-12.09,-11.01
17886.62,-1.93,-2.26,9.56,10.13,-10.13,-7.03,-5.19,-12.07,-12.40,-11.49
18065.49,-2.21,-2.34,9.85,10.36,-10.36,-7.04,-4.61,-12.57,-12.71,-12.06
18246.14,-2.51,-2.42,10.29,10.59,-10.59,-7.05,-4.07,-13.10,-13.02,-12.80
18428.60,-2.84,-2.50,10.70,10.83,-10.83,-7.05,-3.59,-13.67,-13.33,-13.54
18612.89,-3.14,-2.58,11.15,11.06,-11.06,-7.06,-3.13,-14.20,-13.64,-14.29
18799.02,-3.40,-2.66,11.63,11.30,-11.30,-7.06,-2.73,-14.70,-13.96,-15.03
18987.01,-3.59,-2.73,12.18,11.54,-11.54,-7.07,-2.35,-15.13,-14.28,-15.77
19176.88,-3.72,-2.81,13.09,11.79,-11.79,-7.07,-2.02,-15.51,-14.60,-16.81
19368.65,-3.86,-2.89,14.02,12.04,-12.04,-7.07,-1.71,-15.90,-14.92,-17.88
19562.33,-4.02,-2.96,14.92,12.29,-12.29,-7.07,-1.44,-16.31,-15.25,-18.94
19757.96,-4.19,-3.04,15.82,12.54,-12.54,-7.08,-1.17,-16.73,-15.58,-20.01
19955.54,-4.31,-3.11,16.76,12.80,-12.80,-7.08,-0.90,-17.11,-15.91,-21.07
