frequency,raw,error,smoothed,error_smoothed,equalization,equalized_raw,equalized_smoothed,target
20,-3.1296881236563694,-4.777531879125716,-3.1154046329673135,-4.763233041769552,4.763233041769551,1.6335449181131816,1.6478284088022375,1.647843755469347
21,-2.8404319253092583,-4.488256721327437,-2.8574946566247297,-4.505321806793776,4.505321806793775,1.664889881484517,1.6478271501690456,1.6478247960181784
22,-2.641148074835167,-4.288948073320509,-2.617493245719243,-4.265305558124638,4.265305558124638,1.624157483289471,1.647812312405395,1.6477999984853424
23,-2.3719685261418517,-4.019736482783825,-2.3954004002508524,-4.043184295762137,4.043184295762137,1.671215769620285,1.6477838955112842,1.6477679566419732
24,-2.16550079583266,-3.813227807171507,-2.191216120219556,-3.838958019706266,3.838958019706265,1.673457223873605,1.647741899486709,1.647727011338847
25,-1.972663330267916,-3.62033854932809,-2.006546392847749,-3.654234193497225,3.6542341934972264,1.6815708632293105,1.6476878006494773,1.647675219060174
26,-1.7798258647031746,-3.4274361828831723,-1.8395026109421297,-3.4871227554444504,3.487122755444451,1.7072968907412762,1.647620144502321,1.6476103181799977
27,-1.7798258647031715,-3.4273555579034625,-1.6883416376392586,-3.335879000067065,3.3358790000670653,1.5560531353638938,1.6475373624278067,1.647529693200291
28,-1.586988399138431,-3.2344187346497884,-1.5506447363662774,-3.1980816071452973,3.1980816071452964,1.6110932080068654,1.647436870779019,1.6474303355113573
29,-1.3941509335736877,-3.0414597364989557,-1.4236236014699086,-3.0709386512596155,3.070938651259616,1.6767877176859283,1.6473150497897073,1.6473088029252683
30,-1.297732200791318,-2.9448933768930647,-1.3050938951096716,-2.952261715270558,2.9522617152705584,1.6545295144792405,1.6471678201608868,1.6471611761017466
31,-1.1797556508355354,-2.826738663433678,-1.1933724854741539,-2.8403629212889494,2.840362921288948,1.6606072704534127,1.6469904358147942,1.6469830125981426
32,-1.1048947352265812,-2.751664033643063,-1.0875150405962604,-2.7342926827561187,2.734292682756118,1.6293979475295366,1.6467776421598574,1.6467692984164817
33,-1.0084760024442092,-2.6549903995044035,-0.9872263790578379,-2.6337500538258083,2.6337500538258083,1.625274051381599,1.6465236747679703,1.6465143970601943
34,-0.9120572696618416,-2.55826926583628,-0.892559136041577,-2.5387812914861083,2.538781291486108,1.6267240218242662,1.6462221554445309,1.6462119961744381
35,-0.7819316765699412,-2.42778672828602,-0.8036641965193503,-2.449530239304189,2.4495302393041896,1.6675985627342484,1.6458660427848393,1.645855051716079
36,-0.7192198040971023,-2.364655533907996,-0.7205253725508178,-2.3659729021395632,2.3659729021395632,1.646753098042461,1.6454475295887454,1.6454357298108935
37,-0.6228010713147344,-2.267746417664894,-0.6428389426677984,-2.2877969007880186,2.287796900788018,1.6649958294732836,1.6449579581202198,1.6449453463501595
38,-0.5263823385323666,-2.1707566429748306,-0.5700643799814069,-2.2144521304758857,2.214452130475886,1.6880697919435197,1.6443877504944793,1.6443743044424641
39,-0.5263823385323662,-2.170094368385648,-0.5016036799356794,-2.1453300183609114,2.1453300183609114,1.6189476798285454,1.6437263384252319,1.643712029853282
40,-0.5175745078482837,-2.160521412436871,-0.43704890824191656,-2.0800110099329787,2.0800110099329787,1.562436502084695,1.642962101691062,1.6429469045885874
41,-0.33354487296784247,-1.9756110717773756,-0.37638032271416644,-2.0184626273066324,2.0184626273066315,1.684917754338789,1.642082304592465,1.642066198809533
42,-0.3335448729677603,-1.9746008742540242,-0.3200239596590565,-1.9610969887711218,1.9610969887711227,1.6275521158033623,1.641073029112066,1.6410560012862638
43,-0.3335448729661514,-1.9734460216026652,-0.26873510571060655,-1.9086542115354597,1.9086542115354594,1.575109338569308,1.6399191058248528,1.6399011486365138
44,-0.1407074073977989,-1.7792925610303127,-0.22334486681457832,-1.8619489086752719,1.8619489086752716,1.7212415012774727,1.6386040418606933,1.6385851536325138
45,-0.1407074073971796,-1.777797540305287,-0.18446865469673818,-1.8215786025399452,1.821578602539945,1.6808711951427653,1.6371099478432067,1.6370901329081073
46,-0.14070740741307247,-1.7761041418712757,-0.15228691899396363,-1.7877043836603717,1.7877043836603714,1.646996976247299,1.635417464666408,1.6353967344582032
47,-0.14070740745685478,-1.7741914728551285,-0.12647001543135333,-1.7599757060961347,1.7599757060961347,1.61926829863928,1.6335056906647814,1.6334840653982736
48,-0.14070740750658234,-1.7720370280529967,-0.10624931283394008,-1.73760142271269,1.7376014227126897,1.5968940152061073,1.6313521098787496,1.6313296205464143
49,-0.1407074074741232,-1.769616619981127,-0.09057164077464457,-1.719504162667398,1.7195041626673975,1.5787967551932742,1.6289325218927528,1.6289092125070037
50,-0.04428867443902678,-1.6704855785148447,-0.07825003372993525,-1.7044710077360659,1.7044710077360654,1.6601823332970387,1.6262209740061302,1.626196904075818
51,-0.04428867389714813,-1.667453617849775,-0.06805139501070245,-1.6912410917414613,1.691241091741461,1.646952417844313,1.6231896967307586,1.6231649439526268
52,-0.04428867328521585,-1.664072380223356,-0.05872344630893703,-1.678532490124332,1.6785324901243317,1.6342438168391158,1.6198090438153947,1.61978370693814
53,-0.044288673307117214,-1.6603103133117483,-0.04902170797130497,-1.665069146223747,1.6650691462237475,1.6207804729166302,1.6160474382524426,1.616021640004631
54,-0.0442886750839882,-1.6561338909419852,-0.0378161683989133,-1.649687494329741,1.649687494329741,1.605398819245753,1.6118713259308277,1.611845215857997
55,-0.04428867957590304,-1.6515075754206485,-0.024322327378450546,-1.6315674662010469,1.6315674662010466,1.5872787866251437,1.6072451388225961,1.6072188958447455
56,-0.04428868641540611,-1.6463937907041255,-0.008426506850830174,-1.6105577766649677,1.6105577766649677,1.5662690902495615,1.6021312698141374,1.6021051042887193
57,-0.038429346102988135,-1.6348935626577334,0.00900238040629503,-1.5874876810839949,1.5874876810839944,1.5490583349810063,1.5964900614902895,1.5964642165547454
58,0.0521300420044511,-1.5381245213084265,0.025962830768256763,-1.5643169805761166,1.564316980576117,1.616447022580568,1.5902798113443737,1.5902545633128775
59,0.05213006128662884,-1.5313023923123679,0.03945986017897667,-1.5439969358130696,1.5439969358130696,1.5961269970996985,1.5834567959920463,1.5834324535989968
60,0.05213010721227646,-1.5238221121043045,0.045981510958399974,-1.5299938060363982,1.5299938060363982,1.5821239132486746,1.575975316994798,1.575952219316581
61,0.05213018013689125,-1.5156361036457393,0.042251574969395404,-1.5255361958658957,1.5255361958658957,1.577666376002787,1.5677877708352912,1.5677662837826305
62,0.05213026081394429,-1.5066949959593865,0.026096520604671936,-1.532748224813365,1.532748224813365,1.5848784856273093,1.558844745418037,1.5588252567733307
63,0.052130300060349535,-1.4969477582013981,-0.0027934281356553014,-1.5518885733211714,1.5518885733211714,1.6040188733815208,1.5490951451855162,1.5490780582617476
64,-0.01342359049652802,-1.5518956631534877,-0.04242479118573102,-1.580911137762951,1.5809111377629512,1.5674875472664231,1.5384863465772203,1.5384720726569596
65,-0.06381639290124869,-1.5907697277569361,-0.08853251371979581,-1.615496898610493,1.6154968986104927,1.551680505709244,1.5269643848906969,1.5269533348556874
66,-0.1407081604222275,-1.6551749092393027,-0.13512229219812522,-1.649596465527908,1.6495964655279085,1.508888305105681,1.5144741733297833,1.514466748817075
67,-0.22551595766644725,-1.7264722963583243,-0.17543754594963276,-1.676397300376091,1.6763973003760908,1.4508813427096436,1.5009597544264581,1.5009563386918772
68,-0.23712874232993816,-1.7234942741415402,-0.20315579978085724,-1.6895203823136749,1.689520382313675,1.4523916399837369,1.4863645825328178,1.486365531811602
69,-0.23712932341464607,-1.7077667955268785,-0.2135541210765225,-1.6841859560697534,1.6841859560697534,1.4470566326551073,1.470631834993231,1.4706374721122324
70,-0.23712877506671032,-1.690844136945284,-0.20438110297028267,-1.658085853467788,1.6580858534677887,1.4209570784010783,1.453704750497506,1.4537153618785736
71,-0.23712616267950987,-1.6726689917794761,-0.1762382894546416,-1.6117652844434323,1.6117652844434325,1.3746391217639227,1.4355269949887908,1.4355428290999663
72,-0.14283414808294553,-1.5588984653594111,-0.13239177750929032,-1.5484348322721098,1.5484348322721098,1.4056006841891642,1.4160430547628193,1.4160643172764655
73,-0.09394618436687058,-1.489171678618865,-0.07807410898837713,-1.4732727584829095,1.4732727584829095,1.379326574116039,1.3951986494945323,1.3952254942519944
74,0.05116641756703872,-1.321807259045625,-0.019458645782922557,-1.3923997985922765,1.392399798592277,1.4435662161593157,1.3729411528093545,1.3729736766126637
75,0.05216631457420302,-1.297091951820599,0.037441745047141504,-1.3117782593878613,1.311778259387861,1.3639445739620641,1.3492200044350027,1.349258266394802
76,0.1359805746556207,-1.1880506226434437,0.08770239781213873,-1.236284708244916,1.2362847082449164,1.372265282900537,1.3239871060570552,1.3240311972990644
77,0.14858381253328007,-1.1486635757488521,0.12806249904425454,-1.1691347299505335,1.1691347299505337,1.3177185424838138,1.2971972289947882,1.2972473882821323
78,0.14855604194081456,-1.1203091613080067,0.15708285463382154,-1.1117256597963434,1.1117256597963432,1.2602817017371577,1.2688085144301646,1.2688652032488212
79,0.1484994654358171,-1.09034745108637,0.17493572211295066,-1.0638474337109902,1.0638474337109904,1.2123468991468076,1.238783155823941,1.2388469165221871
80,0.1748335044312293,-1.0323256803003775,0.18296106233074738,-1.0241271832704606,1.0241271832704608,1.19896068770169,1.2070882456012082,1.2071591847316068
81,0.24471018783737025,-0.9290633387765375,0.1831556725663822,-0.9905408661357307,0.9905408661357309,1.2352510539731012,1.1736965387021132,1.1737735266139078
82,0.16729495103984154,-0.9713718618033806,0.17774006503415735,-0.9608466070456684,0.9608466070456684,1.1281415580855099,1.1385866720798257,1.1386668128432222
83,0.14804627588104707,-0.9537754923799999,0.16888887089525315,-0.9328535083928576,0.932853508392858,1.080899784273905,1.1017423792881111,1.101821768261047
84,0.14799961350487406,-0.9152278751412122,0.15863913467701773,-0.9045115733752899,0.9045115733752902,1.0525111868801642,1.063150708052308,1.0632274886460862
85,0.1480827609327274,-0.8747972124076037,0.14893034993440982,-0.8738699140419381,0.8738699140419383,1.0219526749746657,1.022800263976348,1.022879973340331
86,0.1483662794681356,-0.8324163940933723,0.14169490340578195,-0.8389867666921267,0.8389867666921266,0.9873530461602622,0.9806816700979085,0.980782673561508
87,0.148915808867593,-0.7880312451856986,0.138912058958851,-0.797880774867584,0.7978807748675839,0.9467965837351769,0.9367928338264349,0.9369470540532916
88,0.1497746886341485,-0.7416184742430325,0.14255981985635935,-0.7485904373439586,0.7485904373439586,0.8983651259781071,0.8911502572003179,0.891393162877181
89,0.15094320200909556,-0.6932069987073519,0.15443797249830607,-0.689366215079052,0.6893662150790522,0.8403094170881478,0.8438041875773582,0.8441502007164474
90,0.15235715954464196,-0.6428999176439205,0.1758815266441821,-0.6189693182512337,0.6189693182512337,0.7713264777958757,0.7948508448954158,0.7952570771885625
91,0.15386942234472184,-0.5908935152097354,0.207426297362616,-0.5370051855809134,0.5370051855809134,0.6908746079256352,0.7444314829435293,0.7447629375544573
92,0.24683462537173884,-0.44589301375991997,0.2485178211656412,-0.44419080857536763,0.4441908085753675,0.6910254339471064,0.6927086297410088,0.6927276391316588
93,0.2950753924530016,-0.3441467605147553,0.2973624920395178,-0.3424540696725146,0.3424540696725147,0.6375294621255163,0.6398165617120325,0.6392221529677569
94,0.3489509861169112,-0.23537787712361202,0.35100019020105244,-0.2347949628537887,0.23479496285378873,0.5837459489707,0.5857951530548412,0.5843288632405232
95,0.43353893016632755,-0.09460280459063769,0.40563100902685656,-0.12489837905382001,0.12489837905382001,0.5584373092201476,0.5305293880806765,0.5281417347569652
96,0.44070579689246464,-0.030060521249943573,0.45716372056667276,-0.016560750884545408,0.016560750884545405,0.45726654777701004,0.47372447145121815,0.4707663181424082
97,0.46418211064050513,0.051862547525131586,0.5018859031057866,0.08694318601032995,-0.08694318601032994,0.37723892463017517,0.4149427170954567,0.41231956311537354
98,0.6195690332031143,0.2666396203650332,0.5371058243339772,0.183394589148832,-0.18339458914883205,0.43617444405428224,0.3537112351851452,0.3529294128380811
99,0.6082141571948799,0.3154800003683528,0.5616040256617683,0.27192122818141284,-0.27192122818141284,0.3362929290134671,0.2896827974803554,0.29273415682652715
100,0.5937680520483861,0.36188652575097113,0.5757688273698014,0.3529628548774495,-0.35296285487744955,0.24080519717093657,0.22280597249235184,0.23188152629741499
101,0.576334170832656,0.4058066468367819,0.581370170009847,0.42792363440714754,-0.42792363440714754,0.1484105364255085,0.1534465356026995,0.17052752399587412
102,0.5562205748466709,0.4473855846153021,0.5810291287162621,0.49862046631431955,-0.4986204663143195,0.05760010853235137,0.08240866240194261,0.10883499023136878
104,0.5339297662412876,0.5489224737366396,0.5775332302645309,0.5667012970968853,-0.5667012970968853,-0.0327715308555977,0.010831933167645524,-0.014992707495351976
105,0.564809382954089,0.6417453494840692,0.5731973883635849,0.633217035350905,-0.6332170353509049,-0.0684076523968159,-0.060019646987319986,-0.07693596652998025
106,0.5820319015081441,0.7206155897969364,0.5694554601480807,0.6984774177918591,-0.6984774177918592,-0.11644551628371513,-0.12902195764377855,-0.1385836882887923
107,0.5576558803323368,0.7574231285489144,0.566789548128119,0.7622214953812612,-0.7622214953812614,-0.20456561504892457,-0.1954319472531424,-0.19976724821657754
108,0.5342875256590607,0.7946098414327736,0.5649889838199933,0.8240223014356207,-0.8240223014356207,-0.28973477577656004,-0.2590333176156274,-0.2603223157737129
109,0.6081333613669775,0.9282245082885276,0.5636194879810358,0.8837629395925052,-0.8837629395925053,-0.2756295782255278,-0.3201434516114695,-0.32009114692155016
110,0.5901412324421025,0.9690660567871761,0.5625160633959018,0.9419981010434222,-0.9419981010434221,-0.3518568686013196,-0.3794820376475203,-0.3789248243450736
111,0.5742041944831564,1.0108895708508336,0.5621147843618259,1.000059271826902,-1.0000592718269021,-0.4258550773437457,-0.4379444874650762,-0.43668537636767724
112,0.5617157236390586,1.0549634301943394,0.5635063968663256,1.0598566104241358,-1.059856610424136,-0.4981408867850774,-0.4963502135578104,-0.4932477065552807
113,0.5528397164946683,1.1013409868681963,0.5682008272514807,1.1234393706267032,-1.1234393706267032,-0.5705996541320348,-0.5552385433752225,-0.5485012703735279
114,0.5475360957402666,1.1498875386199103,0.5776943371314542,1.192458274473612,-1.192458274473612,-0.6449221787333455,-0.6147639373421578,-0.6023514428796437
115,0.545576705525729,1.2002972375426357,0.5929927749498729,1.2676990545429399,-1.26769905454294,-0.7221223490172111,-0.6747062795930672,-0.6547205320169067
117,0.6429950061424887,1.4032561274002746,0.614246812200525,1.348821857773273,-1.3488218577732722,-0.7058268516307835,-0.7345750455727472,-0.7602611212577859
118,0.6464541368032242,1.454834954561043,0.6406042687559992,1.4343652225051033,-1.434365222505103,-0.7879110857018787,-0.7937609537491037,-0.8083808177578189
119,0.6518098747656079,1.5066552838382106,0.670306245970431,1.521988710551641,-1.5219887105516408,-0.8701788357860328,-0.8516824645812098,-0.8548454090726025
120,0.6882683430366372,1.587922436625707,0.7009801852984601,1.6088670497841417,-1.6088670497841413,-0.9205987067475041,-0.9078868644856812,-0.8996540935890698
121,0.7623719180887161,1.70519386065587,0.7300390607175412,1.692128812353247,-1.6921288123532472,-0.9297568942645311,-0.962089751635706,-0.942821942567154
123,0.7701638152524309,1.801940795799422,0.755089468750191,1.7692511758269953,-1.769251175826995,-0.9990873605745642,-1.014161707076804,-1.031776980546991
124,0.7779252782314999,1.8483840559105507,0.774273143232582,1.8383600077114903,-1.83836000771149,-1.06043472947999,-1.064086864478908,-1.0704587776790508
125,0.7854099012761906,1.893026588985605,0.786499028571238,1.8984192073067043,-1.8984192073067043,-1.1130093060305137,-1.1119201787354664,-1.1076166877094145
126,0.7924754634968108,1.935794519860874,0.7915506803807745,1.9493109968439608,-1.9493109968439606,-1.1568355333471498,-1.157760316463186,-1.1433190563640632
128,0.7990639881720418,2.0175288933405797,0.7900694619606523,1.9918096769513727,-1.9918096769513731,-1.1927456887793313,-1.2017402149907208,-1.218464905168538
129,0.8051735788147532,2.055355597489757,0.7834211246696914,2.0274464524940767,-2.0274464524940767,-1.2222728736793236,-1.2440253278243854,-1.2501820186750034
130,0.7966602869686326,2.0773555608588072,0.7734605918144632,2.058266568851825,-2.0582665688518254,-1.2616062818831928,-1.284805977037362,-1.2806952738901747
131,0.7341470109922741,2.044239652791248,0.7622235391590088,2.0864995198845717,-2.086499519884572,-1.352352508892298,-1.3242759807255635,-1.3100926417989736
133,0.7244229926836172,2.097336200229513,0.7515921417554583,2.114192653992717,-2.1141926539927174,-1.3897696613091002,-1.362600512237259,-1.3729132075458956
134,0.7287602676431568,2.1278836547342563,0.7429976818516317,2.1428829189334175,-2.142882918933418,-1.4141226512902612,-1.3998852370817862,-1.3991233870910995
135,0.7325936150693972,2.1570894166549643,0.7372245950959504,2.1733854901043026,-2.1733854901043035,-1.4407918750349062,-1.436160895008353,-1.424495801585567
137,0.7358614362499112,2.214718914488019,0.7343629082716012,2.205754532062466,-2.205754532062466,-1.4698930958125547,-1.4713916237908646,-1.4788574782381079
138,0.7385071169871964,2.2401818802213045,0.7339208404786116,2.2394256961983086,-2.2394256961983086,-1.5009185792111122,-1.505504855719697,-1.5016747632341079
140,0.7404972057809192,2.2909142476771596,0.7350663509147215,2.2734970901979423,-2.2734970901979423,-1.5329998844170232,-1.5384307392832208,-1.5504170418962406
141,0.7418363051402013,2.3129215389771134,0.7369289760599529,2.307063796169029,-2.307063796169029,-1.5652274910288275,-1.570134820109076,-1.5710852338369121
142,0.7425755783694337,2.333868846505927,0.7388731870435707,2.3395045033678024,-2.3395045033678037,-1.59692892499837,-1.600631316324233,-1.5912932681364933
144,0.742813254006228,2.3765353314063122,0.7406580586184288,2.370631736244108,-2.370631736244107,-1.627818482237879,-1.6299736776256781,-1.6337220774000842
145,0.7426870338016076,2.3949074882423522,0.7424261758514534,2.400655519767507,-2.400655519767507,-1.6579684859658992,-1.6582293439160534,-1.6522204544407448
147,0.7423595521251714,2.43278851098943,0.7445132607673195,2.4299650666833355,-2.4299650666833346,-1.6876055145581632,-1.685451805916015,-1.6904289588642585
148,0.741998838558207,2.4494320030843335,0.7471292264052211,2.458791995724444,-2.458791995724444,-1.716793157166237,-1.711662769319223,-1.7074331645261265
150,0.7417561283069138,2.4836121742070514,0.7500160386704466,2.486867315403371,-2.486867315403371,-1.7451111870964573,-1.7368512767329245,-1.7418560459001373
151,0.7417434950920236,2.499224418383016,0.7522187602825985,2.5132067700028573,-2.5132067700028577,-1.771463274910834,-1.7609880097202593,-1.7574809232909923
153,0.7420137997821012,2.5304483092201515,0.7520953906784285,2.5361413921406415,-2.536141392140641,-1.7941275923585398,-1.7840460014622126,-1.78843450943805
154,0.7425454451567242,2.5452360768196844,0.7476299503538187,2.5536467373347262,-2.5536467373347267,-1.8111012921780025,-1.806016786980908,-1.8026906316629603
156,0.7432344108095921,2.5736047920875267,0.7370106410254285,2.5639247696209515,-2.5639247696209515,-1.8206903588113594,-1.826914128595523,-1.8303703812779348
157,0.7438959243467713,2.5870665109513427,0.7193216151258492,2.566085487498717,-2.5660854874987167,-1.8221895631519454,-1.8467638723728674,-1.8431705866045713
159,0.7442777164676753,2.6119395334362245,0.6951180729944461,2.5607030572423666,-2.560703057242366,-1.8164253407746909,-1.8655849842479202,-1.8676618169685493
160,0.7440858861302935,2.6229260111439716,0.6666512522589565,2.550021834013419,-2.5500218340134184,-1.805935947883125,-1.883370581754462,-1.878840125013678
162,0.6328047851475052,2.5329479155518273,0.6375989656167576,2.5376764642325753,-2.5376764642325753,-1.9048716790850702,-1.9000774986158178,-1.900143130404322
164,0.5479971057036139,2.467408146012218,0.6123176303849305,2.527946523231826,-2.527946523231826,-1.979949417528212,-1.9156288928468954,-1.9194110403086042
165,0.5445248022190243,2.472080428377404,0.5948074660119942,2.5247362903185753,-2.5247362903185753,-1.980211488099551,-1.929928824306581,-1.9275556261583793
167,0.5397532979960236,2.4833683587950253,0.5877035622764135,2.530586678182404,-2.530586678182403,-1.9908333801863796,-1.9428831159059896,-1.9436150607990017
169,0.5531043563331639,2.510817116276015,0.591617324069496,2.546036322053182,-2.546036322053182,-1.992931965720018,-1.954418997983686,-1.9577127599428512
170,0.5985780902766642,2.5610397896621473,0.6050438423310562,2.5695412586644943,-2.5695412586644943,-1.9709631683878301,-1.964497416333438,-1.962461699385483
172,0.6468582628872683,2.620234040922949,0.6248599581948866,2.5979754597560216,-2.5979754597560216,-1.9511171968687533,-1.973115501561135,-1.9733757780356806
174,0.7066963827746221,2.689147822642872,0.6472385194422285,2.627539350014966,-2.6275393500149646,-1.9208429672403424,-1.980300830572736,-1.98245143986825
175,0.7015407747849112,2.6852410079702747,0.6686732641407518,2.654775246017759,-2.654775246017759,-1.9532344712328478,-1.9861019818770071,-1.9837002331853637
177,0.6984218064441412,2.688244409452669,0.6867933214775799,2.6773736466447,-2.6773736466446993,-1.9789518402005581,-1.9905803251671195,-1.9898226030085282
179,0.6980116740444144,2.692359114873713,0.7007453557380762,2.694551571520744,-2.6945515715207446,-1.9965398974763302,-1.9938062157826684,-1.9943474408292987
181,0.7007865854345283,2.6981841567451745,0.7110880825723309,2.706947950613184,-2.706947950613185,-2.0061613651786567,-1.9958598680408541,-1.9973975713106462
183,0.7069537670938588,2.706061486406268,0.7193087925794492,2.71614342408036,-2.71614342408036,-2.009189656986501,-1.9968346315009107,-1.9991077193124092
184,0.7164106807987629,2.711792905871571,0.7271745627591666,2.724013867996912,-2.724013867996912,-2.007603187198149,-1.9968393052377453,-1.9953822250728082
186,0.7287442687135015,2.7239170305227485,0.7361442480139646,2.732141073973049,-2.7321410739730494,-2.003396805259548,-1.9959968259590848,-1.995172761809247
188,0.7432715987154195,2.7373211853836077,0.747001772447794,2.7414404137955257,-2.741440413795526,-1.9981688150801067,-1.9944386413477322,-1.9940495866681882
190,0.7591163444747853,2.7512867553868,0.7597655736308462,2.7520618075830616,-2.7520618075830616,-1.9929454631082764,-1.9922962339522154,-1.9921704109120149
192,0.7753094375144485,2.7649976951219326,0.7738298046985512,2.763522298580013,-2.7635222985800136,-1.9882128610655652,-1.9896924938814624,-1.989688257607484
194,0.790898180212104,2.7776452734067316,0.7882338516708565,2.7749693800402304,-2.7749693800402304,-1.9840711998281264,-1.986735528369374,-1.9867470931946274
196,0.8050469552565627,2.788524566903425,0.8019481065696978,2.785464347444387,-2.785464347444387,-1.9804173921878245,-1.9835162408746894,-1.9834776116468622
198,0.8171146971987973,2.797108109441112,0.814094217102343,2.7942035435089845,-2.7942035435089854,-1.977088846310188,-1.9801093264066423,-1.9799934122423144
200,0.8266991175257241,2.803086913177877,0.8240648855519851,2.8006409053522443,-2.8006409053522443,-1.9739417878265202,-1.9765760198002593,-1.976387795652153
202,0.8336442775213639,2.80637565035536,0.8315500882048918,2.8045166141456983,-2.804516614145699,-1.9708723366243353,-1.9729665259408073,-1.9727313728339961
204,0.8380150819458776,2.807085720557736,0.8365005787853796,2.8058211829273647,-2.8058211829273643,-1.9678061009814867,-1.9693206041419846,-1.9690706386118584
206,0.8400481518682137,2.805475761074981,0.8390641983327891,2.804730076269195,-2.8047300762691956,-1.9646819244009819,-1.9656658779364065,-1.9654276092067673
208,0.8400921185932892,2.8018926820488486,0.8395221700123324,2.801536711663452,-2.8015367116634513,-1.961444593070162,-1.962014541651119,-1.9618005634555593
210,0.8385509844309385,2.7967168490787824,0.8382397207932888,2.796599568097527,-2.796599568097526,-1.9580485836665875,-1.9583598473042372,-1.9581658646478441
212,0.8358417989628166,2.7903225767014654,0.8356343318260173,2.790308221691773,-2.790308221691774,-1.9544664227289572,-1.9546738898657565,-1.9544807777386488
214,0.8323731135877539,2.783060252683746,0.83215824984086,2.7830660730501866,-2.7830660730501857,-1.9506929594624318,-1.9509078232093258,-1.950687139095992
216,0.8285446336922468,2.7752603203014248,0.828289438845194,2.7752843852722813,-2.7752843852722817,-1.9467397515800349,-1.9469949464270877,-1.9467156866091777
218,0.8247625990591991,2.767253419158075,0.8245254398361135,2.767381789423994,-2.7673817894239945,-1.9426191903647954,-1.942856349587881,-1.942490820098876
221,0.8214610674309073,2.7605292656835347,0.8213762465140697,2.759784451850721,-2.759784451850721,-1.9383233844198138,-1.9384082053366514,-1.9390681982526274
223,0.8191174782953188,2.7531520476265876,0.819354396045357,2.7529238593824648,-2.7529238593824643,-1.9338063810871455,-1.9335694633371072,-1.9340345693312688
225,0.8182520528970745,2.746788853355482,0.818962173069132,2.7472308777840926,-2.7472308777840926,-1.928978824887018,-1.9282687047149607,-1.9285368004584076
227,0.8194044592927769,2.74192521767157,0.8206761209464883,2.7431253605307893,-2.7431253605307884,-1.9237209012380114,-1.9224492395843,-1.9225207583787927
229,0.8230868474610977,2.73903425254094,0.8249272981311472,2.740999368583412,-2.7409993685834126,-1.917912521122315,-1.9160720704522656,-1.9159474050798422
232,0.8297185488980703,2.7392983781215468,0.8320724573906839,2.7411893669043383,-2.7411893669043383,-1.911470818006268,-1.9091169095136544,-1.9095798292234765
234,0.8395530510200355,2.741349004103295,0.8423489186864695,2.743930753517195,-2.7439307535171946,-1.904377702497159,-1.9015818348307252,-1.9017959530832595
236,0.8526111181817806,2.746060185822958,0.8558078604685202,2.7492901299392303,-2.74929012993923,-1.8966790117574492,-1.8934822694707096,-1.8934490676411773
239,0.8686343981596253,2.7538334316242072,0.8722296570717271,2.75707942634126,-2.75707942634126,-1.8884450281816347,-1.884849769269533,-1.885199033464582
241,0.8870713683670503,2.762875446074072,0.8910396365339674,2.7667703771997383,-2.7667703771997383,-1.879699008832688,-1.8757307406657708,-1.8758040777070217
244,0.9071025005934592,2.7736329658637726,0.9112572010418669,2.7774420782612506,-2.7774420782612506,-1.8703395776677914,-1.8661848772193836,-1.8665304652703134
246,0.9277050215622245,2.7840540328748578,0.9315165659638875,2.7877995427543287,-2.7877995427543283,-1.8600945211921038,-1.8562829767904407,-1.856349011312633
248,0.9477508696315098,2.7936612437521093,0.9501859036376846,2.7962898379692467,-2.7962898379692462,-1.8485389683377365,-1.8461039343315617,-1.8459103741205993
251,0.9661256650133386,2.8018562243299447,0.9655824733639072,2.801313478944127,-2.8013134789441265,-1.835187813930788,-1.8357310055802194,-1.835730559316606
253,0.9818527491299244,2.806857321839998,0.9762432674244825,2.8014910050007202,-2.80149100500072,-1.8196382558707955,-1.8252477375762373,-1.8250045727100739
256,0.9942051988967228,2.8088483586027544,0.9811804490506029,2.79591455516509,-2.79591455516509,-1.8017093562683675,-1.8147341061144873,-1.8146431597060317
259,1.0027902752202391,2.8070855826957652,0.9800452762329599,2.784308604914287,-2.7843086049142864,-1.7815183296940473,-1.8042633286813266,-1.8042953074755261
261,1.0075946546607557,2.8013150104071096,0.9731506655187034,2.767050255455247,-2.7670502554552474,-1.7594556007944917,-1.793899589936544,-1.7937203557463537
264,0.951876399203918,2.735502932448285,0.9613530071335272,2.7450496567737637,-2.7450496567737637,-1.7931732575698458,-1.7836966496402364,-1.7836265332443673
266,0.9112404855929448,2.6846914383735134,0.9458467142539817,2.719543845896873,-2.719543845896873,-1.808303360303928,-1.7736971316428911,-1.7734509527805686
269,0.9081502140726748,2.671939385271819,0.9279546746772754,2.6918869528173635,-2.6918869528173635,-1.7837367387446887,-1.763932278140088,-1.7637891711991442
272,0.9043818128126964,2.6587507684546026,0.9089877821911796,2.663409841481664,-2.663409841481663,-1.7590280286689668,-1.7544220592904836,-1.754368955641906
274,0.9010343179383352,2.6460194670678914,0.8902003971324643,2.635376060985295,-2.635376060985295,-1.7343417430469596,-1.7451756638528306,-1.744985149129556
277,0.8990958353032142,2.6351815189810504,0.8728089933943746,2.609001460240064,-2.6090014602400635,-1.7099056249368494,-1.736192466845689,-1.736085683677836
280,0.8993381833566856,2.6267665649464673,0.8580003615072045,2.58546389640017,-2.5854638964001695,-1.686125713043484,-1.727463534892965,-1.7274283815897817
283,0.8058226726502377,2.5248216255841722,0.8468574641296205,2.5658310762253778,-2.565831076225378,-1.7600084035751404,-1.7189736120957577,-1.7189989529339345
286,0.8115374957557675,2.5223164663024358,0.8401778083523996,2.550881201753991,-2.55088120175399,-1.7393437059982224,-1.7107033934015903,-1.7107789705466683
288,0.819888639350432,2.5224891861959846,0.8382292810100993,2.5408610945816874,-2.540861094581688,-1.720972455231256,-1.7026318135715885,-1.7026005468455527
291,0.8304164351196868,2.525165591986821,0.8405456048921701,2.5352837006824336,-2.5352837006824336,-1.7048672655627468,-1.6947380957902634,-1.6947491568671342
294,0.8424492508895832,2.5294956129969144,0.8458757852511556,2.5328791852636714,-2.5328791852636714,-1.6904299343740883,-1.6870034000125158,-1.6870463621073313
297,0.8551954328677909,2.5346719117932155,0.8523585131260273,2.5317705525644625,-2.5317705525644616,-1.6765751196966707,-1.6794120394384344,-1.6794764789254246
300,0.8678414482348441,2.5398695273950116,0.8579095095445257,2.5298618463586378,-2.529861846358637,-1.6620203981237927,-1.6719523368141112,-1.6720280791601674
303,0.8796429216807533,2.5443377385688466,0.8607226446637087,2.5253398818685495,-2.52533988186855,-1.6456969601877967,-1.6646172372048413,-1.664694816888093
306,0.8899972834703076,2.547473225135964,0.8597319272882127,2.5171367031617904,-2.51713670316179,-1.6271394196914823,-1.6574047758735773,-1.6574759416656568
309,0.8964137732269636,2.5467902923639936,0.8548837389588197,2.505202179022789,-2.50520217902279,-1.6087884057958264,-1.6503184400639703,-1.6503765191370299
312,0.8174323453048852,2.4608397312624293,0.8471255088221492,2.490492906872112,-2.4904929068721113,-1.673060561567226,-1.6433673980499621,-1.643407385957544
316,0.8128389285007142,2.449498294427425,0.8381052024028088,2.47467172818577,-2.47467172818577,-1.661832799685056,-1.6365665257829614,-1.6366593659267106
319,0.8152563298537422,2.445255903849378,0.8296638041199539,2.4595999560245896,-2.4595999560245887,-1.6443436261708464,-1.629936151904635,-1.6299995739956357
322,0.8160248958713376,2.4395585847407903,0.8232635797574168,2.4467650411161515,-2.4467650411161515,-1.6307401452448138,-1.6235014613587346,-1.6235336888694527
325,0.8154972293084771,2.4327878390275655,0.8195133627815159,2.4368048944328673,-2.436804894432867,-1.6213076651243896,-1.617291531651351,-1.6172906097190882
328,0.8140589428467662,2.425360390241071,0.8179271627236897,2.429265172988451,-2.429265172988451,-1.615206230141685,-1.6113380102647614,-1.6113014473943048
332,0.8120960838139116,2.417745281886241,0.8169924547856278,2.422665919580199,-2.422665919580199,-1.6105698357662872,-1.6056734647945712,-1.6056491980723295
335,0.8099744822533435,2.4102338972075374,0.8145435159299605,2.414872960117479,-2.414872960117479,-1.6048984778641358,-1.6003294441875187,-1.600259414954194
338,0.8080297432431042,2.403244814856417,0.8083502792000842,2.403684562608916,-2.403684562608915,-1.5956548193658109,-1.5953342834088309,-1.5952150716133127
342,0.806564165903251,2.3971441564615166,0.7967643830599123,2.387475055071563,-2.387475055071562,-1.5809108891683112,-1.59071067201165,-1.5905799905582656
345,0.8058457866279946,2.3921313382995186,0.7792341955342796,2.365707193704126,-2.365707193704127,-1.5598614070761325,-1.5864729981698473,-1.5862855516715242
349,0.8061051487616188,2.388520052231295,0.7565266918393503,2.3391511735456403,-2.3391511735456403,-1.5330460247840216,-1.58262448170629,-1.5824149034696764
352,0.8075270459882481,2.386414174344803,0.7305766008944548,2.309730728563399,-2.309730728563399,-1.5022036825751508,-1.5791541276689443,-1.5788871283565546
356,0.6173993525096362,2.1931427053696373,0.704000686309098,2.280034253764236,-2.2800342537642355,-1.6626349012545993,-1.5760335674551376,-1.5757433528600011
359,0.6214456389404164,2.1943211163845966,0.6794271665367255,2.252641068419044,-2.2526410684190434,-1.631195429478627,-1.573213901882318,-1.5728754774441804
363,0.6267831983571054,2.1970546708347403,0.6588527834496138,2.2294754946960103,-2.22947549469601,-1.6026922963389043,-1.570622711246396,-1.5702714724776348
366,0.6332601074347789,2.201042378525379,0.6432242704000456,2.21138571232001,-2.2113857123200105,-1.5781256048852317,-1.568161441919965,-1.5677822710906004
370,0.6406133258198877,2.2059468320008637,0.6323508745347488,2.198054283882408,-2.198054283882408,-1.5574409580625206,-1.5657034093476594,-1.565333506180976
374,0.6484755148266003,2.2112216549789503,0.6251294918080534,2.18822216006839,-2.1882221600683907,-1.5397466452417903,-1.5630926682603372,-1.56274614015235
377,0.6563945455197308,2.2162128162216823,0.6199587777527615,2.180102768516958,-2.180102768516958,-1.523708222997227,-1.5601439907641963,-1.5598182707019514
381,0.6422646538699257,2.1986422708671634,0.615176753699256,2.1718209165543767,-2.1718209165543763,-1.5295562626844506,-1.5566441628551204,-1.5563776169972376
385,0.5739570426128882,2.126123084141973,0.6093892111838254,2.161743973711748,-2.161743973711748,-1.58778693109886,-1.5523547625279228,-1.5521660415290852
389,0.5790377525454358,2.125961847209622,0.6016379097932003,2.1486544299358323,-2.1486544299358328,-1.569616677390397,-1.5470165201426325,-1.546924094664186
393,0.5823271937077888,2.12270350648626,0.5914402840640344,2.1317955708842127,-2.1317955708842127,-1.549468377176424,-1.5403552868201782,-1.5403763127784713
397,0.5836345945087019,2.115873248575,0.5787724621333927,2.110862014931906,-2.110862014931906,-1.5272274204232041,-1.5320895527985132,-1.5322386540662978
401,0.5830041170162008,2.1052315322957,0.5640509387522902,2.0859903078776343,-2.0859903078776343,-1.5029861908614335,-1.5219393691253442,-1.5222274152794992
405,0.5807703849307314,2.0908397916743082,0.5481173135626088,2.057753751008446,-2.057753751008446,-1.4769833660777145,-1.5096364374458373,-1.5100694067435767
409,0.5775965164168461,2.073109585780778,0.5321853554096639,2.027120404160997,-2.027120404160997,-1.4495238877441512,-1.494935048751333,-1.4955130693639322
413,0.47806517815595534,1.956405309879536,0.5177036685161163,1.995327145854089,-1.995327145854089,-1.5172619676981338,-1.4776234773379728,-1.4783401317235807
417,0.4763245334117213,1.9347018670112552,0.5061269416775804,1.9636623163598816,-1.9636623163598814,-1.4873377829481602,-1.457535374682301,-1.458377333599534
421,0.47750040281042794,1.913008092450201,0.49864984137984947,1.9332105037835259,-1.9332105037835257,-1.4557101009730977,-1.4345606624036762,-1.4355076896397732
425,0.48324742383171526,1.892928161903293,0.4959996804424148,1.9046550775262587,-1.9046550775262594,-1.4214076536945441,-1.4086553970838445,-1.4096807380715777
430,0.495164740997197,1.8760930170504913,0.49837567580745545,1.8782257517087488,-1.8782257517087493,-1.3830610107115522,-1.379850075901294,-1.3809282760532942
434,0.5146048016729087,1.8639470197706332,0.50556315746933,1.8538190317377756,-1.8538190317377752,-1.3392142300648664,-1.3482558742684452,-1.3493422180977244
438,0.5424815682975427,1.8576040018477422,0.517170437815817,1.8312387953087488,-1.831238795308749,-1.2887572270112062,-1.314068357492932,-1.3151224335501996
443,0.5701966772312662,1.8487503225412385,0.5328766405271199,1.810444929217054,-1.8104449292170535,-1.2402482519857871,-1.2775682886899336,-1.2785536453099722
447,0.5276812790312708,1.7676692353500116,0.5525725416614191,1.7916918045623307,-1.7916918045623305,-1.2640105255310596,-1.2391192629009113,-1.2399879563187408
451,0.5799346298981182,1.7798087581353021,0.5763273989186053,1.7754894267219472,-1.775489426721947,-1.1955547968238287,-1.1991620278033417,-1.199874128237184
456,0.5704370970171029,1.729166545763411,0.6041970138343877,1.7624025110686405,-1.762402511068641,-1.191965414051538,-1.1582054972342533,-1.158729448746308
460,0.6024246665816709,1.719539899225567,0.6359610475527436,1.7527756641085448,-1.7527756641085448,-1.150350997526874,-1.1168146165558013,-1.1171152326438962
465,0.6644991514049571,1.740152626568714,0.670907496741749,1.7465028868349453,-1.7465028868349453,-1.0820037354299883,-1.0755953900931963,-1.075653475163757
470,0.7251965319935295,1.7601746430161294,0.7077603581474439,1.7429378807517453,-1.7429378807517457,-1.017741348758216,-1.0351775226043018,-1.0349781110226
474,0.7825166995746503,1.7782465291275247,0.7447877516897642,1.7409830038938408,-1.7409830038938403,-0.95846630431919,-0.9961952522040761,-0.9957298295528743
479,0.7946683868810618,1.753212691085685,0.7800599430917904,1.7393269987315918,-1.7393269987315918,-0.94465861185053,-0.9592670556398014,-0.9585443042046231
484,0.7852685106616337,1.7092790269792086,0.8117760173109597,1.736751000742027,-1.736751000742027,-0.9514824900803933,-0.9249749834310673,-0.9240105163175749
489,0.8259153178805114,1.7185793561429559,0.8385580982257385,1.732402526238134,-1.7324025262381342,-0.9064872083576228,-0.8938444280123957,-0.8926640382624444
494,0.8605927998572513,1.725556804281937,0.8596225224899707,1.7259476619481195,-1.72594766194812,-0.8653548620908686,-0.8663251394581493,-0.8649640044246856
499,0.8895856068026347,1.7308613290954817,0.8747705636352654,1.7175448424723627,-1.7175448424723625,-0.8279592356697278,-0.8427742788370971,-0.8412757222928471
504,0.913115105768194,1.7349712078308859,0.8841894012113564,1.7076316398261953,-1.7076316398261953,-0.7945165340580013,-0.8234422386148389,-0.8218561020626919
509,0.9043052785408152,1.7111478373846263,0.8881105138027607,1.6965723783803026,-1.6965723783803026,-0.7922670998394874,-0.8084618645775419,-0.8068425588438111
514,0.8467439232957854,1.642989835378675,0.8864269143575125,1.6842685025205482,-1.6842685025205477,-0.8375245792247623,-0.7978415881630352,-0.7962459120828895
519,0.8472754897165491,1.6372231411147562,0.8784060615886091,1.669868888742483,-1.6698688887424833,-0.8225933990259342,-0.7914628271538742,-0.7899476513982071
524,0.8493115048039029,1.637013268260083,0.862632464846258,1.6517143078535899,-1.6517143078535905,-0.8024028030496876,-0.7890818430073325,-0.7877017634561801
529,0.8377284199178514,1.6268695485144236,0.837260051560005,1.6275961137346626,-1.6275961137346628,-0.7898676938168114,-0.7903360621746578,-0.7891411285965722
535,0.8165380391257386,1.61032767250607,0.8005546356614135,1.5953093203842168,-1.5953093203842172,-0.7787712812584786,-0.7947546847228038,-0.7937896333803314
540,0.7857282636941793,1.5867998499965719,0.7515916584444142,1.5533648832745535,-1.553364883274554,-0.7676366195803747,-0.8017732248301397,-0.8010715863023925
545,0.7510748794302768,1.5614131414381338,0.6908905982698657,1.5016420608111098,-1.5016420608111094,-0.7505671813808326,-0.8107514625412438,-0.810338262007857
551,0.6952185989890065,1.516103084245672,0.6207570835772125,1.4417512258163203,-1.4417512258163203,-0.7465326268273138,-0.8209941422391078,-0.8208844852566655
556,0.5285858941120887,1.3605547777809293,0.5451813002020567,1.3769549375539727,-1.3769549375539722,-0.8483690434418836,-0.8317736373519156,-0.8319688836688406
562,0.40478910880737434,1.2476347383776973,0.46928357517249625,1.311637293387613,-1.311637293387613,-0.9068481845802387,-0.8423537182151168,-0.842845629570323
568,0.3540785285651363,1.206860111866633,0.39845094913096146,1.2504644636502973,-1.2504644636502973,-0.8963859350851611,-0.8520135145193358,-0.8527815833014967
573,0.31273608282020027,1.1738194669721322,0.3374100893292805,1.1974808467316893,-1.1974808467316895,-0.8847447639114893,-0.860070757402409,-0.861083384151932
579,0.27790202940789344,1.1450236573695314,0.28949112534850685,1.1553945445746614,-1.1553945445746618,-0.8774925151667684,-0.865903419226155,-0.867121627961638
585,0.2529193418358242,1.1232649868056883,0.2562549228444241,1.1252238627284512,-1.1252238627284514,-0.8723045208926272,-0.8689689398840273,-0.8703456449698641
591,0.23826774437847395,1.108570937051902,0.2375233697191586,1.1063437035589891,-1.1063437035589896,-0.8680759591805156,-0.868820333839831,-0.8703031926734279
596,0.23345052448867423,1.1001021931734802,0.2317267087018572,1.096845315822815,-1.096845315822815,-0.8633947913341409,-0.8651186071209579,-0.866651668684806
602,0.23726086206738284,1.096429728091828,0.23641212319221133,1.0940531951042445,-1.0940531951042445,-0.8567923330368616,-0.8576410719120331,-0.8591688660244452
608,0.2481555362407974,1.095908912797613,0.2487608438118608,1.0950461646673468,-1.0950461646673468,-0.8468906284265494,-0.846285320855486,-0.8477533765568155
615,0.26464822226530854,1.0970751670670884,0.2660179998775848,1.097086805494655,-1.097086805494655,-0.8324385832293464,-0.8310688056170702,-0.8324269448017799
621,0.28563164686909753,1.098958736741671,0.2858087649394845,1.0979329113316183,-1.0979329113316183,-0.8123012644625207,-0.8121241463921338,-0.8133270898725735
627,0.31055600496957353,1.1012569932338663,0.3063566397359715,1.0960471123515863,-1.0960471123515863,-0.7854911073820128,-0.7896904726156148,-0.7907009882642927
633,0.33942596738900505,1.1043169676137528,0.3266199001171547,1.090721152595945,-1.0907211525959453,-0.7512951852069403,-0.7641012524787906,-0.7648910002247478
639,0.37262203015727885,1.1089416741329634,0.34633384645396303,1.0821030494681005,-1.0821030494681003,-0.7094810193108214,-0.7357692030141373,-0.7363196439756845
646,0.39533058845088914,1.1008027233607214,0.3659208427565156,1.0710898203989554,-1.0710898203989552,-0.6757592319480661,-0.7051689776424396,-0.7054721349098322
652,0.34040222507583906,1.013278096150629,0.38623697520025546,1.059055374927373,-1.0590553749273728,-0.7186531498515337,-0.6728183997271173,-0.67287587107479
659,0.40809385566272416,1.0471766275275873,0.4081722931185501,1.0474313391541157,-1.0474313391541157,-0.6393374834913915,-0.6392590460355656,-0.6390827718648632
665,0.44180752140166624,1.0464546921808306,0.43219151985016857,1.0372285019452123,-1.037228501945212,-0.5954209805435459,-0.6050369820950435,-0.6046471707791644
672,0.41048647551757245,0.9805958090387281,0.45795528051870127,1.0286396937134008,-1.028639693713401,-0.6181532181958286,-0.5706844131946998,-0.5701093335211557
679,0.46067454039032124,0.9966510954819301,0.4841622615999024,1.0208652046142497,-1.02086520461425,-0.5601906642239287,-0.5367029430143475,-0.5359765550916089
686,0.5061630099197303,1.0088724669084261,0.5086889999699973,1.0122380309526928,-1.0122380309526928,-0.5060750210329625,-0.5035490309826955,-0.5027094569886958
692,0.5439329389174163,1.01464247761406,0.5289975063620826,1.000619621602096,-1.000619621602096,-0.4566866826846796,-0.4716221152400133,-0.4707095386966436
699,0.5714895561718161,1.0118005741226104,0.5426777891555251,0.9839335163990345,-0.9839335163990345,-0.4124439602272184,-0.44125572724350937,-0.4403110179507942
706,0.5901538282570225,1.0019278766488235,0.5479417671244535,0.9606535410955861,-0.9606535410955863,-0.37049971283856387,-0.4127117739711328,-0.4117740483918011
713,0.5907427192429642,0.9760258548367363,0.543912955715657,0.9300909676821951,-0.930090967682195,-0.33934824843923084,-0.386178011966538,-0.38528313559377214
721,0.5153387179101188,0.8762865811395993,0.5306505198523442,0.8924191114823861,-0.8924191114823862,-0.3770803935722674,-0.36176859163004194,-0.3609478632294806
728,0.46875003071292687,0.8075560401952249,0.5089611985634107,0.8484886157831313,-0.8484886157831312,-0.3797385850702043,-0.33952741721972046,-0.33880600948229805
735,0.4442291674810808,0.7630597145921022,0.48013204561258077,0.7995659997650715,-0.7995659997650713,-0.35533683228399043,-0.3194339541524905,-0.3188305471110214
742,0.41591475279116835,0.7168519959715556,0.4457235776129731,0.7471346029765978,-0.7471346029765978,-0.3312198501854295,-0.30141102536362474,-0.3009372431803873
750,0.4476119734895025,0.7326065210762713,0.40749715704227685,0.6928312332472837,-0.6928312332472836,-0.24521925975778108,-0.2853340762050067,-0.2849945475867688
757,0.45660542310818336,0.7274391492078129,0.3674502382875149,0.638491592803021,-0.6384915928030209,-0.18188616969483756,-0.27104135451550604,-0.2708337260996295
765,0.36086731706559666,0.6191277471901276,0.32785386451934795,0.5861983137966913,-0.5861983137966914,-0.22533099673109475,-0.25834444927734346,-0.258260430124531
773,0.2244306283641721,0.47149526967159805,0.29117147659084597,0.5382101328473268,-0.5382101328473269,-0.3137795044831548,-0.24703865625648092,-0.24706464130742595
780,0.21358979195426128,0.45062069972682767,0.25979502807980437,0.49670771741277986,-0.49670771741277997,-0.28311792545851866,-0.2369126893329756,-0.23703090777256638
788,0.2083831816393792,0.4363305060884231,0.23563357748597047,0.4633909052441564,-0.46339090524415644,-0.25500772360477725,-0.22775732775818597,-0.22794732444904392
796,0.20779143077131726,0.42740382570967295,0.21967933996854408,0.4390520172638728,-0.4390520172638728,-0.23126058649255551,-0.2193726772953287,-0.21961239493835572
804,0.21039863313949775,0.4222396105452469,0.21171095119957117,0.423284772663201,-0.423284772663201,-0.21288613952370328,-0.21157382146362985,-0.21184097740574914
812,0.21464183173039483,0.41910987205495365,0.2102564018195518,0.4144511438237769,-0.41445114382377685,-0.199809312093382,-0.20419474200422505,-0.2044680403245588
820,0.21903934205765074,0.4163900303157861,0.2128471927178921,0.40993768211497567,-0.40993768211497555,-0.1908983400573248,-0.19709048939708346,-0.19735068825813534
828,0.2223696462955199,0.41273811289014983,0.2164935822548779,0.4066312616434906,-0.4066312616434906,-0.18426161534797073,-0.19013767938861273,-0.19036846659462991
837,0.22378450798004365,0.40720667062310556,0.218242974718786,0.4014764500897161,-0.40147645008971605,-0.1776919421096724,-0.18323347537093004,-0.18342216264306188
845,0.2228522984574272,0.3992833832740865,0.21567451731328646,0.39196780269531284,-0.3919678026953129,-0.16911550423788568,-0.17629328538202643,-0.17643108481665928
853,0.21953833340896442,0.3888681123218175,0.20722841691883187,0.3764758708105541,-0.37647587081055406,-0.15693753740158964,-0.1692474538917222,-0.1693297789128531
862,0.21413694209905626,0.37620058919811655,0.1923402537257985,0.35437751474600854,-0.3543775147460086,-0.14024057264695233,-0.1620372610202101,-0.1620636470990603
871,0.20461849290095435,0.35920280325163423,0.17141291018331373,0.3260234653930135,-0.32602346539301347,-0.12140497249205912,-0.15461055520969974,-0.15458431035067985
879,0.11592878017254174,0.2627738859362597,0.1456864074764041,0.29260374801595257,-0.29260374801595257,-0.17667496784341083,-0.14691734053954847,-0.14684510576371795
888,0.09478176501716398,0.23357863889868377,0.11705493690211585,0.2559605555960942,-0.25596055559609426,-0.16117879057893028,-0.1389056186939784,-0.1387968738815198
897,0.08707997894766722,0.21746402473641552,0.08784754334477216,0.21836529400419893,-0.21836529400419896,-0.13128531505653174,-0.1305177506594268,-0.1303840457887483
906,0.08031095913144598,0.2018527806496064,0.06056065000280687,0.18224820766334932,-0.18224820766334932,-0.10193724853190334,-0.12168755766054244,-0.12154182151816043
915,0.07489081385789334,0.18708495258858926,0.03752758063814968,0.14986590866064217,-0.14986590866064217,-0.07497509480274883,-0.1123383280224925,-0.11219413873069592
924,-0.01408530548696898,0.0881674198668801,0.020536816881545027,0.1229186568630471,-0.12291865686304712,-0.1370039623500161,-0.10238183998150209,-0.10225272535384909
933,-0.027183738360589398,0.06443351207690712,0.010453616202467035,0.10217206937321541,-0.10217206937321541,-0.1293558077338048,-0.09171845317074837,-0.09161725043749651
943,-0.02703289825567958,0.05314368240867854,0.006934617375442818,0.08717288380004048,-0.0871728838000405,-0.11420578205572007,-0.08023826642459768,-0.08017658066435812
952,-0.024694728404543138,0.043116248023170003,0.008330923322945358,0.07615421232545,-0.07615421232545,-0.10084894072999313,-0.06782328900250464,-0.06781097642771314
962,-0.006839121374877709,0.04755628303126628,0.011844556580327811,0.06619508466279951,-0.0661950846627995,-0.07303420603767721,-0.054350528082471684,-0.05439540440614399
971,0.08266191285332514,0.12246528890122643,0.013945744070796743,0.05364160262589951,-0.053641602625899516,0.02902031022742562,-0.03969585855510277,-0.039803376047901295
981,0.052057428343796334,0.07596908721408775,0.010994441797882386,0.03473295412788517,-0.034732954127885164,0.01732447421591117,-0.02373851233000278,-0.023911658870291418
991,0.009901172930573736,0.01650636124844277,-4.124017421284587e-05,0.006324763437521893,-0.006324763437521888,0.0035764094930518476,-0.006366003611734734,-0.006605188317869033
1001,-0.0010946250583105319,-0.01331225444161642,-0.020903136697224253,-0.03342384311615694,0.03342384311615693,0.0323292180578464,0.01252070641893268,0.012217629383305888
1011,-0.06956304649889816,-0.10220270746190926,-0.05153112979871839,-0.08453313777667748,0.08453313777667747,0.014970091277779304,0.033002007977959075,0.03263966096301111
1021,-0.0853282635734755,-0.14004821290461267,-0.08983428292250709,-0.14496888901239327,0.14496888901239327,0.059640625438917766,0.055134606089886184,0.05471994933113716
1031,-0.09764259401683126,-0.17613157941471783,-0.13182100993416726,-0.21076785490284472,0.21076785490284475,0.11312526088601349,0.07894684496867749,0.07848898539788657
1041,-0.15081999257780213,-0.25476452401313604,-0.17211071255826926,-0.2765452909505054,0.27654529095050545,0.12572529837270333,0.10443457839223619,0.10394453143533391
1052,-0.1604010776566438,-0.29144923402164313,-0.20477948296819948,-0.33633723891228456,0.33633723891228456,0.17593616125564077,0.1315577559440851,0.13104815636499936
1062,-0.27231086392857234,-0.43203354203171873,-0.22441370992491733,-0.3846515859753449,0.3846515859753449,0.11234072204677253,0.16023787605042755,0.15972267810314636
1073,-0.3353178518749484,-0.5251683708190523,-0.22717656948483597,-0.41753300379193514,0.4175330037919351,0.0822151519169867,0.19035643430709911,0.18985051894410396
1084,-0.28946210161438934,-0.5107353678959967,-0.2116593457221056,-0.4334138155895365,0.43341381558953657,0.14395171397514722,0.22175446986743097,0.22127326628160743
1094,-0.23139686161974976,-0.4851891945215178,-0.17931281323384607,-0.4335460970392379,0.43354609703923785,0.2021492354194881,0.2542332838053918,0.25379233290176806
1105,-0.09161178174320933,-0.3787826281174443,-0.13433750150020687,-0.42189387307289156,0.42189387307289156,0.3302820913296822,0.28755637157268465,0.28717084637423496
1116,-0.01254871750339464,-0.33368553662378003,-0.0830355109411159,-0.40448808818927484,0.4044880881892748,0.39193937068588014,0.3214525772481589,0.3211368191203854
1128,-0.039755444227858865,-0.39514290636057176,-0.0327541810987526,-0.3883746218405808,0.3883746218405808,0.34861917761272193,0.3556204407418282,0.3553874621327129
1139,0.035072134514778266,-0.3545225587078906,0.00935486211347121,-0.38037880910794564,0.38037880910794575,0.415450943622724,0.38973367122141694,0.3895946932226689
1150,0.019330269280263112,-0.4040813653297169,0.03750425693994001,-0.38594338486820917,0.38594338486820917,0.4052736541484723,0.4234476418081492,0.42341163460998
1162,0.10609486996355383,-0.3503851834974178,0.04813971095272705,-0.40826705238374106,0.4082670523837412,0.514361922347295,0.4564067633364683,0.45648005346097165
1173,0.07221346249528299,-0.4162250582009415,0.04035872375676379,-0.44789383644717695,0.44789383644717684,0.5201072989424598,0.48825256020394064,0.4884385206962245
1185,0.03360491133429383,-0.48532613903258864,0.015829267955194966,-0.5028029727493092,0.5028029727493092,0.5364078840836031,0.5186322407045042,0.5189310503668825
1197,0.0025049607583513336,-0.5451111069733,-0.021741021971245847,-0.56894855139009,0.5689485513900899,0.5714535121484413,0.5472075294188441,0.5476160677316514
1209,-0.03807914643234472,-0.6122545105102529,-0.06745062932633271,-0.6411141411310493,0.6411141411310494,0.6030349946987047,0.5736635118047166,0.5741753640779083
1221,-0.1807402832821366,-0.7790631121265614,-0.11617597785749707,-0.7138932102774367,0.7138932102774364,0.5331529269952997,0.5977172324199392,0.5983228288444249
1233,-0.22882689996662925,-0.8486395732884058,-0.16346559583344578,-0.7825913850128993,0.7825913850128992,0.55376448504627,0.6191257891794534,0.6198126733217766
1246,-0.2348395648552207,-0.8732864579154896,-0.20618257478061322,-0.8438762519462293,0.8438762519462291,0.6090366870910083,0.6376936771656159,0.6384468930602689
1258,-0.24190223139033565,-0.8959839798496073,-0.2427919786623801,-0.8960711353427283,0.8960711353427282,0.6541689039523926,0.6532791566803481,0.6540817484592717
1271,-0.26055930413996653,-0.9271923325128503,-0.2732861009038001,-0.9390855516494918,0.9390855516494918,0.6785262475095253,0.6657994507456917,0.6666330283728837
1283,-0.2820482920929855,-0.9581282805262439,-0.29883412309452134,-0.9740687389223852,0.9740687389223852,0.6920204468293998,0.6752346158278639,0.6760799884332584
1296,-0.3126726965067196,-0.9951404844116194,-0.3213024836823221,-1.0029324580300847,1.002932458030085,0.6902597615233653,0.6816299743477627,0.6824677879048998
1309,-0.3393477174029283,-1.0252561361724501,-0.34279751340705633,-1.0278945597003284,1.0278945597003286,0.6885468422974004,0.6850970462932723,0.6859084187695219
1322,-0.3628922536858671,-1.0494723232648848,-0.36533518895434447,-1.0511481563918532,1.0511481563918534,0.6882559027059864,0.685812967437509,0.6865800695790176
1335,-0.43232503800598293,-1.1170500302302921,-0.39066804504169617,-1.0746864757120314,1.0746864757120314,0.6423614377060485,0.6840184306703352,0.6847249922243093
1349,-0.4394897031671579,-1.120135650969772,-0.42022972545675463,-1.1002439577031464,1.1002439577031469,0.660754254535989,0.6800142322463922,0.6806459478026141
1362,-0.38767669978098773,-1.0623780688828506,-0.4551220670757614,-1.1292786111880828,1.129278611188083,0.7416019114070953,0.6741565441123216,0.6747013691018628
1376,-0.46310734753229715,-1.1304067307769396,-0.49607901250358055,-1.1629300776383538,1.1629300776383535,0.6998227301060564,0.666851065134773,0.6672993832446424
1390,-0.5856425803508016,-1.2445334880324412,-0.5433835627043384,-1.2019297895521488,1.201929789552149,0.6162872092013474,0.6585462268478106,0.6588909076816396
1404,-0.6039291962842452,-1.2538911859351636,-0.5967604167379531,-1.2464860595411196,1.2464860595411196,0.6425568632568743,0.6497256428031665,0.6499619896509183
1418,-0.5942938224368666,-1.235319430420133,-0.6552917642891023,-1.2961917592793022,1.2961917592793022,0.7018979368424356,0.6408999949901999,0.6410256079832664
1432,-0.7236831916221136,-1.3562963177399538,-0.7173972341876889,-1.349995781221084,1.3499957812210845,0.626312589598971,0.6325985470333957,0.6326131261178402
1446,-0.809368176403551,-1.4346337565137457,-0.7808899260035704,-1.4062503895099954,1.4062503895099954,0.5968822131064444,0.6253604635064249,0.6252655801101946
1461,-0.827103485481754,-1.4466284513351657,-0.8430889056428621,-1.4628150053427396,1.4628150053427396,0.6357115198609855,0.6197260996998775,0.6195249658534117
1475,-0.8874119163094591,-1.503337590024755,-0.9009558663102306,-1.5171842750833968,1.5171842750833966,0.6297723587739374,0.616228408773166,0.6159256737152959
1490,-0.942566086309058,-1.557552271202285,-0.9512392323046244,-1.566623827976116,1.5666238279761162,0.6240577416670582,0.6153845956714918,0.614986184893227
1505,-1.0357964657851948,-1.6529976168634082,-0.9906418600070277,-1.6083299915717006,1.6083299915717004,0.5725335257865056,0.6176881315646727,0.6172011510782134
1520,-1.0393528790723172,-1.6623868138943654,-1.016052758193818,-1.6396539887238215,1.6396539887238215,0.6003011096515043,0.6236012305300036,0.623033934822048
1535,-1.0030192423186026,-1.6359289469133016,-1.0248754693719868,-1.6584233522083711,1.6584233522083711,0.6554041098897685,0.6335478828363843,0.632909704594699
1550,-0.9665802415332828,-1.6137894046364134,-1.0154396821182525,-1.6633472189802019,1.6633472189802019,0.6967669774469191,0.6479075368619494,0.6472091631031307
1566,-1.0566848939844515,-1.7229478887180818,-0.9874144382463336,-1.6544239622370591,1.6544239622370593,0.5977390682526078,0.6670095239907258,0.6662629947336303
1582,-0.9922530029895072,-1.6826001303909677,-0.9420847431942121,-1.6332130698187723,1.6332130698187723,0.6409600668292651,0.6911283266245603,0.6903471274014604
1597,-0.9294998865850008,-1.6491787955814137,-0.8823457997242747,-1.6028255966067015,1.6028255966067018,0.6733257100217009,0.720479796882427,0.7196789089964127
1613,-0.8171985917018274,-1.5716129059626076,-0.8123294253803017,-1.5675478656760145,1.5675478656760147,0.7503492739741873,0.755218440295713,0.7544143142607802
1629,-0.7079010469652269,-1.502547352583519,-0.7366908443392524,-1.532126726546244,1.5321267265462442,0.8242256795810172,0.7954358822069918,0.794646305618292
1646,-0.5590659346826357,-1.3994703982229968,-0.659707002243265,-1.5008676342134657,1.5008676342134653,0.9418016995308296,0.8411606319702003,0.8404044635403612
1662,-0.5537826132902541,-1.4454386200442815,-0.5844184808217048,-1.4767777298316471,1.4767777298316471,0.922995116541393,0.8923592490099423,0.8916560067540273
1679,-0.5090014244339809,-1.4573097159158608,-0.5120505626447983,-1.4609895560756478,1.4609895560756485,0.9519881316416676,0.9489389934308502,0.94830829148188
1696,-0.42936393570184883,-1.4395767958141574,-0.4418721091029567,-1.4526241201557384,1.4526241201557386,1.0232601844538898,1.010752011052782,1.0102128601123086
1713,-0.3589207362257732,-1.4360917893592595,-0.3715250822354065,-1.449126140566253,1.4491261405662526,1.0902054043404794,1.077601058330846,1.0771710531334864
1730,-0.3636627292250694,-1.5126038814606544,-0.2977322701898534,-1.4469789877269918,1.4469789877269918,1.0833162585019225,1.1492467175371384,1.148941152235585
1747,-0.2816989401575159,-1.5069458915902405,-0.21720703680302994,-1.442623025694342,1.4426230256943418,1.160924085536826,1.2254159888913119,1.2252469514327247
1764,-0.11832679425840192,-1.4241143766372837,-0.12756103137943609,-1.4333731085239214,1.4333731085239214,1.3150463142655195,1.3058120771444854,1.3057875823788818
1782,0.008192604088542894,-1.382055740794051,-0.02802305292496961,-1.4181481723810534,1.4181481723810534,1.4263407764695963,1.3901251194560837,1.390248344882594
1800,0.1141943296456231,-1.364117892543935,0.0801752542937186,-1.3978682796197854,1.3978682796197857,1.5120626092654088,1.4780435339135043,1.4783122221895582
1818,0.1323548745864382,-1.4373168195344006,0.19383721852368316,-1.3754283901886524,1.3754283901886524,1.5077832647750906,1.5692656087123356,1.5696716941208388
1836,0.24762521741799928,-1.4164151954454383,0.30828726081016217,-1.3552236449672046,1.3552236449672046,1.602848862385204,1.6635109057773667,1.6640404128634376
1854,0.3703653156174899,-1.39079895533768,0.4182458735421614,-1.3422851504192228,1.3422851504192228,1.7126504660367128,1.7605310239613843,1.76116427095517
1873,0.5665012178825704,-1.2943301630777664,0.5189349449337046,-1.341184314656667,1.3411843146566673,1.9076855325392377,1.860119259590372,1.8608313809603367
1892,0.7232060815862731,-1.2396744193131954,0.6071678903916353,-1.3549508281592173,1.3549508281592173,2.0781569097454904,1.9621187185508526,1.9628805008994685
1911,0.8310734023166164,-1.236134076253188,0.6821467639646662,-1.3842817114645187,1.3842817114645187,2.2153551137811354,2.066428475429185,2.0672074785698045
1930,0.748389971645274,-1.425379384682984,0.7457441762586318,-1.4272632646430081,1.4272632646430083,2.1756532362882823,2.17300744090164,2.173769356328258
1949,0.7448597976634117,-1.5377260689900583,0.8021892222470004,-1.479686464215281,1.4796864642152807,2.224546261878692,2.281875686462281,2.28258586665347
1969,0.7846379900737688,-1.6091001694270086,0.8572577274881452,-1.5358553543982103,1.5358553543982103,2.320493344471979,2.3931130818863555,2.3937381595007774
1988,0.8764078318829771,-1.6309568954966434,0.9172139019526276,-1.5896413184155624,1.5896413184155624,2.4660491502985398,2.50685522036819,2.5073647273796205
2008,0.9631427680324071,-1.6605118570273216,0.9877976414132614,-1.635489091323052,1.6354890913230524,2.5986318593554594,2.6232867327363136,2.6236546250597286
2028,1.098141282611488,-1.644696933465128,1.0734812669553897,-1.6691509515473053,1.669150951547305,2.767292234158793,2.7426322185026946,2.742838216076616
2048,1.1771918581358207,-1.6879839421933998,1.1770732334774459,-1.6880719069734,1.6880719069734003,2.865263765109221,2.865145140450846,2.8651758003292205
2069,1.3053224353540562,-1.6856221544311207,1.2996041146237192,-1.691491019315649,1.6914910193156494,2.996813454669706,2.9910951339393685,2.990944589785177
2090,1.4368720918035243,-1.6835524948442815,1.4403642830454109,-1.6803899826932276,1.6803899826932276,3.117262074496752,3.1207542657386385,3.1204245866478058
2111,1.573697134739496,-1.680186844403017,1.596997065225728,-1.6573857696101002,1.6573857696101,3.231082904349596,3.2543828348358277,3.253883979142513
2132,1.7176410065859873,-1.673923694069563,1.7656485730773694,-1.6265667624993663,1.6265667624993667,3.344207769085354,3.3922153355767364,3.3915647006555503
2153,1.87038910559147,-1.6632796880374636,1.9412599088352596,-1.5931872910630396,1.5931872910630394,3.4635763966545094,3.534447199898299,3.5336687936289337
2175,2.1297578539745508,-1.5505883289948441,2.118092124660204,-1.5631307756536479,1.5631307756536483,3.6928886296281993,3.681222900313852,3.680346182969395
2196,2.303915558609951,-1.5277688372192175,2.290485209012649,-1.5421407217348255,1.542140721734825,3.846056280344776,3.832625930747474,3.8316843958291686
2218,2.597960381168889,-1.389740287655599,2.453718013367119,-1.5349530787007688,1.534953078700769,4.132913459869658,3.9886710920678876,3.987700668824488
2240,2.6755936588509868,-1.472743109577562,2.6047392184864897,-1.5445601800729214,1.5445601800729214,4.220153838923908,4.149299398559411,4.148336768428549
2263,2.733909462122975,-1.5795472556728214,2.7425451417300493,-1.5718306553091388,1.571830655309139,4.305740117432114,4.3143757970391885,4.3134567177957965
2285,2.8410249134426486,-1.641822573341524,2.8680955644155275,-1.6155941946022991,1.6155941946022994,4.456619108044948,4.483689759017826,4.4828474867841726
2308,2.9316776091099186,-1.7245449549045633,2.983826943814204,-1.673131731700092,1.673131731700092,4.604809340810011,4.656958675514296,4.656222564014482
2331,3.0826962003712275,-1.750532002178515,3.0929545837769963,-1.7408792770814896,1.7408792770814896,4.823575477452717,4.833833860858486,4.833228202549742
2355,3.1792200957142236,-1.8342319206546418,3.1987857377759013,-1.8151231244607509,1.8151231244607509,4.994343220174974,5.0139088622366526,5.013452016368865
2378,3.2918887585438075,-1.9045447543067446,3.304192220151802,-1.8925374607095364,1.8925374607095367,5.184426219253345,5.196729680861338,5.196433512850552
2402,3.436573772025123,-1.9451023047137594,3.4112753402734577,-1.9705311017385059,1.9705311017385059,5.407104873763629,5.381806442011964,5.3816760767388825
2426,3.590172274179372,-1.9784876046672797,3.521182087176355,-2.0474439195213585,2.047443919521359,5.637616193700731,5.5686260066977145,5.568659878846652
2450,3.675035351864535,-2.081819813038078,3.634047097671062,-2.1226178999186747,2.1226178999186747,5.79765325178321,5.756664997589737,5.756855164902613
2475,3.6629995648095215,-2.282735823118587,3.7491174876274607,-2.1962852272374764,2.1962852272374764,5.8592847920469975,5.945402714864937,5.945735387928108
2500,3.757262084828591,-2.3775275911338403,3.8651830618756424,-2.2691503792312173,2.2691503792312178,6.026412464059809,6.13433344110686,6.134789675962431
2525,3.9996796643563775,-2.32385450855348,3.9813911400539803,-2.341586534808086,2.341586534808086,6.341266199164464,6.3229776748620665,6.3235341729098575
2550,4.120476162991286,-2.3910456861680416,4.098344056295115,-2.412547829435157,2.412547829435157,6.533023992426443,6.510891885730272,6.511521849159328
2575,4.323610385840203,-2.3747400591386203,4.21912828051512,-2.478548165199284,2.4785481651992844,6.802158551039487,6.6976764457144045,6.698350444978823
2601,4.487011808742262,-2.396656470977348,4.349752349822543,-2.5332291081693827,2.533229108169383,7.0202409169116455,6.882981457991926,6.88366827971961
2627,4.5831721845099365,-2.4840055451041287,4.498520834052572,-2.5679894378956516,2.5679894378956516,7.1511616224055885,7.066510271948223,7.067177729614065
2653,4.621054107764273,-2.627582135897555,4.6741945553941315,-2.5738259844077325,2.573825984407732,7.194880092172005,7.248020539801864,7.248636243661828
2680,4.682548641424582,-2.745306188358537,4.883292993592659,-2.5440297404869816,2.5440297404869816,7.226578381911564,7.42732273407964,7.427854829783119
2707,4.828141338830049,-2.776552662584966,5.1273698517054855,-2.476906254577558,2.476906254577558,7.305047593407608,7.604276106283043,7.604694001415015
2734,5.287223932961472,-2.491833296349327,5.401296543332126,-2.377485582690773,2.377485582690773,7.664709515652245,7.778782126022899,7.779057229310799
2761,5.6544249107647016,-2.296457085701819,5.693376958091759,-2.2573985400344405,2.25739854003444,7.911823450799142,7.950775498126198,7.950881996466521
2789,6.200594323426063,-1.9195342844246284,5.9875250992734355,-2.1326878153191338,2.1326878153191338,8.333282138745197,8.12021291459257,8.120128607850692
2817,6.4249702101834085,-1.8617967536149784,6.266978590105471,-2.020081170559003,2.020081170559003,8.445051380742411,8.287059760664475,8.286766963798387
2845,6.616099706259412,-1.8346618620241486,6.518402781188731,-1.932872279942501,1.9328722799425009,8.548971986201913,8.45127506113123,8.45076156828356
2873,6.854273469325444,-1.7577816429615298,6.7350270101393965,-1.8777680148133018,1.8777680148133018,8.732041484138746,8.612795024952698,8.612055112286974
2902,7.094544296114992,-1.676006751589811,6.917751646808101,-1.8537639760433142,1.853763976043314,8.948308272158306,8.771515622851416,8.770551047704803
2931,7.036269789308214,-1.8898258580520562,7.07386411165079,-1.8534106001325512,1.853410600132551,8.889680389440766,8.92727471178334,8.92609564736027
2960,6.9715841448282205,-2.106875983340057,7.21383530598483,-1.8659989927971847,1.8659989927971847,8.837583137625405,9.079834298782014,9.078460128168278
2990,7.088585043996858,-2.1387384486907397,7.347321666070871,-1.8815419437216965,1.8815419437216967,8.970126987718555,9.228863609792569,9.227323492687598
3020,7.54455571166192,-1.8277011010135213,7.479738035355913,-1.894185655453087,1.8941856554530867,9.438741367115007,9.373923690809,9.372256812675442
3050,7.615727921970175,-1.8969818077475153,7.610524018777736,-1.9039302933760385,1.9039302933760387,9.519658215346213,9.514454312153774,9.51270972971769
3080,7.6870195021457555,-1.9609804728050388,7.733614650816591,-1.91614931426592,1.9161493142659203,9.603168816411676,9.649763965082512,9.647999974950794
3111,7.937911421663793,-1.8393952831071534,7.839881252213934,-1.9391424741929049,1.9391424741929044,9.877053895856697,9.77902372640684,9.777306704770947
3142,7.996830243298639,-1.9028381627165594,7.920691213429455,-1.9805745024383092,1.9805745024383086,9.977404745736948,9.901265715867764,9.899668406015198
3174,8.056596860480894,-1.9573891770854317,7.971432288577457,-2.043954490019688,2.0439544900196887,10.100551350500583,10.015386778597145,10.013986037566326
3206,8.175115403129134,-1.9439165403492566,7.993921613234672,-2.1262362762181026,2.126236276218103,10.301351679347237,10.120157889452775,10.11903194347839
3238,8.04717488425795,-2.1662900116028627,7.997009273773993,-2.21723032452358,2.2172303245235794,10.264405208781529,10.214239598297572,10.213464895860813
3270,8.011358654547925,-2.284492753251831,7.9952365231367315,-2.3009670962345066,2.3009670962345075,10.312325750782431,10.296203619371239,10.295851407799756
3303,7.875616951679722,-2.4890762526477586,8.00593978428672,-2.35862063650871,2.35862063650871,10.234237588188432,10.364560420795431,10.36469320432748
3336,7.828840650511682,-2.5896198125856946,8.04556086251159,-2.372231539337296,2.372231539337296,10.20107218984898,10.417792401848885,10.418460463097377
3369,8.025820946622469,-2.429809202087176,8.12606080132344,-2.328331166990283,2.328331166990283,10.354152113612752,10.454391968313724,10.455630148709645
3403,8.177135083742575,-2.297593396778206,8.252244305967,-2.220659238186871,2.220659238186871,10.397794321929446,10.472903544153871,10.474728480520781
3437,8.421341507225218,-2.0530348020367075,8.420540704721903,-2.0514276015939408,2.0514276015939408,10.47276910881916,10.471968306315844,10.474376309261926
3471,8.571309909505349,-1.8820260397217687,8.619440601552656,-1.8309296123230916,1.830929612323092,10.402239521828442,10.450370213875747,10.453335949227117
3506,8.829480147989052,-1.581077687622269,8.831436639996582,-1.5756450976166072,1.5756450976166068,10.405125245605658,10.407081737613188,10.410557835611321
3541,9.015157432109019,-1.3300678320760237,9.036023882609085,-1.3052837112777806,1.3052837112777802,10.3204411433868,10.341307593886865,10.345225264185043
3576,9.244448476629367,-1.0123469567863719,9.213124094587172,-1.0394006624180376,1.0394006624180379,10.283849139047405,10.25252475700521,10.25679543341574
3612,9.468498511672477,-0.6765365423985994,9.34623865283909,-0.7942784205481567,0.7942784205481567,10.262776932220634,10.140517073387247,10.145035054071077
3648,9.600048144902331,-0.41000077554046044,9.424719502637997,-0.580683427706274,0.5806834277062739,10.180731572608606,10.005402930344271,10.010048920442792
3685,9.626133871614268,-0.22616617644024828,9.44476265750647,-0.40289198182395564,0.40289198182395564,10.029025853438224,9.847654639330425,9.852300048054516
3721,9.454334702301567,-0.21828556534525134,9.409027009380779,-0.25908146223766354,0.25908146223766354,9.71341616453923,9.668108471618442,9.672620267646819
3759,9.212385787518476,-0.25982472478970386,9.325089828078042,-0.14287479195907019,0.1428747919590702,9.355260579477546,9.467964620037112,9.47221051230818
3796,9.016802669396238,-0.2358277585581856,9.203188340028657,-0.0455884019372692,0.04558840193726919,9.062391071333508,9.248776741965926,9.252630427954424
3834,8.97612227559608,-0.03965508215869917,9.053803758117542,0.04137261646404443,-0.041372616464044415,8.934749659132034,9.012431141653497,9.015777357754779
3873,8.937352693649586,0.17349751603707375,8.885606223915994,0.12449016051201384,-0.12449016051201388,8.812862533137572,8.76111606340398,8.763855177612513
3911,8.803508198914956,0.3041743284762095,8.704130791824582,0.20684883221259712,-0.20684883221259714,8.59665936670236,8.497281959611986,8.499333870438747
3950,8.534239986623229,0.3093388860842783,8.511356412550073,0.2877624551677367,-0.2877624551677367,8.246477531455492,8.223593957382336,8.22490110053895
3990,8.226896631624955,0.28348926513664274,8.30616752326714,0.36328946942513846,-0.3632894694251384,7.863607162199816,7.942878053842001,7.943407366488312
4030,7.972158474771986,0.314351919730532,8.085521736684884,0.42745893404585267,-0.42745893404585267,7.544699540726133,7.658062802639031,7.657806555041454
4070,7.82509220113309,0.4539983234695635,7.846032720553072,0.47391431107980714,-0.4739143110798072,7.351177890053283,7.3721184094732655,7.371093877663527
4111,7.658052577431327,0.5718093397262232,7.585602318848683,0.4976070993500783,-0.4976070993500784,7.1604454780812485,7.0879952194986044,7.086243237705104
4152,7.4258188453596565,0.6196727974338216,7.3047109212124814,0.496147368627811,-0.49614736862781106,6.929671476731846,6.808563552584671,6.806146047925835
4193,7.1737870061404045,0.6402336078977422,7.007027710384005,0.47047097937187743,-0.4704709793718773,6.703316026768527,6.536556731012127,6.533553398242662
4235,6.741848460685303,0.4708251900237119,6.699154615645604,0.42463566450886975,-0.4246356645088698,6.317212796176434,6.274518951136734,6.271023270661591
4278,6.312582251883877,0.2917080265161287,6.3895538809209445,0.36479449289303234,-0.3647944928930323,5.947787758990845,6.024759388027912,6.0208742253677485
4321,5.916568691979212,0.13142203627024074,6.0869637861565415,0.29765017267512844,-0.2976501726751284,5.618918519304084,5.789313613481413,5.785146655708972
4364,5.649496772970961,0.08392442316848125,5.798784456864508,0.22887138900222992,-0.22887138900222997,5.420625383968731,5.569913067862278,5.56557234980248
4407,5.521112142604176,0.15755941895041037,5.5299326586856985,0.16196969953684776,-0.16196969953684773,5.359142443067328,5.3679629591488505,5.363552723653766
4451,5.351972570596999,0.17182684454368413,5.282497383297987,0.09796875673762484,-0.09796875673762485,5.254003813859374,5.184528626560362,5.180145726053315
4496,5.105937826931051,0.08987674796079315,5.056235901300358,0.03590584260646987,-0.03590584260646986,5.070031984324581,5.020330058693888,5.0160610789702575
4541,4.941439011202355,0.06977578508212101,4.849654157575925,-0.02608984263098283,0.026089842630982824,4.967528853833338,4.8757440002069075,4.871663226120234
4586,4.709789534156419,-0.03719159665435168,4.661239382169374,-0.08957348129367493,0.08957348129367493,4.799363015450094,4.750812863463048,4.746981130810771
4632,4.401277113638318,-0.24044678809008158,4.490421486406979,-0.15483798073068417,0.15483798073068417,4.556115094369002,4.645259467137663,4.641723901728399
4679,4.229598850051765,-0.3257022868318158,4.338013631351594,-0.22049289380152798,0.22049289380152795,4.450091743853293,4.558506525153122,4.555301136883581
4725,4.226705429086604,-0.2601414322279041,4.206130448263781,-0.283569379187073,0.28356937918707303,4.510274808273677,4.4896998274508535,4.4868468613145085
4773,4.235091045741232,-0.20015494258335842,4.097787593747336,-0.3399466626400074,0.3399466626400074,4.575037708381239,4.437734256387343,4.43524598832459
4820,4.044775302383176,-0.3543870451318947,4.016457841353951,-0.38482339401679033,0.38482339401679033,4.4295986963999665,4.401281235370742,4.3991623475150705
4868,3.88581187089792,-0.4912556115958826,3.96578252850659,-0.4130350465156672,0.41303504651566714,4.298846917413587,4.378817575022257,4.3770674824938025
4917,3.876449615171408,-0.49081999586083036,3.9494583256535574,-0.41919600224701176,0.41919600224701165,4.29564561741842,4.368654327900569,4.367269611032238
4966,4.019753938890849,-0.34818840425701403,3.971143324793363,-0.3978224258766898,0.3978224258766898,4.417576364767539,4.3689657506700526,4.367942343147863
5016,4.0460485478807655,-0.33110440251054296,4.034136218738285,-0.3436818480094944,0.34368184800949425,4.389730395890259,4.377818066747779,4.3771529503913085
5066,4.049587019805321,-0.3433031359307712,4.140634565478076,-0.25256312044779317,0.2525631204477932,4.302150140253114,4.39319768592587,4.392890155736092
5117,4.330200327035575,-0.08289122626361145,4.290573077514403,-0.12246625478040904,0.12246625478040908,4.4526665818159845,4.4130393322948125,4.413091553299187
5168,4.451777595051737,0.016106735782194015,4.480293644325363,0.045039767428410746,-0.04503976742841074,4.406737827623326,4.435253876896953,4.435670859269543
5220,4.553330764203022,0.09478553168126691,4.701514604363679,0.24375834799830778,-0.24375834799830778,4.3095724162047135,4.4577562563653705,4.458545232521755
5272,4.847645858878781,0.367982976210091,4.941117129758755,0.46262342413546725,-0.4626234241354673,4.385022434743314,4.478493705623288,4.47966288266869
5325,5.082581484438599,0.5855503776559869,5.18212033399005,0.6866464452790243,-0.6866464452790243,4.395935039159575,4.495473888711026,4.497031106782612
5378,5.5314920979495765,1.0227473275289007,5.40588113503588,0.8990870299092547,-0.8990870299092548,4.632405068040322,4.506794105126625,4.508744770420676
5432,5.750573308302128,1.2375582234019014,5.595135998125717,1.0844668222506681,-1.084466822250668,4.66610648605146,4.51066917587505,4.513015084900227
5486,5.896956701541676,1.388758356083561,5.737186886614832,1.2317254879691322,-1.2317254879691324,4.665231213572543,4.505461398645699,4.508198345458115
5541,6.059274383653697,1.566450282719659,5.826384804036231,1.336678567658956,-1.3366785676589559,4.72259581599474,4.489706236377275,4.492824100934038
5596,5.9205843101293825,1.4549622669965308,5.8652787937650075,1.4031369648150225,-1.4031369648150218,4.517447345314361,4.462141828949986,4.465622043132852
5652,5.829070002606184,1.4035232514756206,5.864107194605268,1.442378338398477,-1.4423783383984767,4.386691664207707,4.421728856206791,4.425546751130564
5709,5.757770947118742,1.3859716280086767,5.83885324629085,1.4711784566381663,-1.4711784566381665,4.286592490480576,4.367674789652684,4.371799319110066
5766,5.652208171270074,1.3483633216033715,5.808357660627061,1.508903509905047,-1.5089035099050474,4.143304661365026,4.299454150722013,4.303844849666702
5823,5.74960851143952,1.5281836936471995,5.791189856966171,1.5743735053885015,-1.5743735053885017,4.175235006051018,4.21681635157767,4.221424817792321
5882,5.883201226171603,1.7586378172203547,5.802920340075491,1.6831382371526054,-1.683138237152606,4.200062989018997,4.119782102922885,4.124563408951248
5940,5.771281923562323,1.7577148161887797,5.853919985025903,1.8452364114845567,-1.8452364114845567,3.926045512077766,4.008683573541346,4.013567107373543
6000,5.8653293476812385,1.9763122958769834,5.948269626407453,2.064175209827404,-2.0641752098274044,3.801154137853834,3.8840944165800484,3.889017051804255
6060,5.930761487702677,2.179007513843756,6.0829020198820825,2.3360118970467054,-2.336011897046706,3.594749590655971,3.7468901228353766,3.751753973858921
6120,6.1696646113082885,2.5668087389889482,6.247823017809435,2.649640706761985,-2.649640706761985,3.5200239045463033,3.59818231104745,3.6028558723193402
6182,6.356029906946522,2.9124209722581256,6.426765317715576,2.987482659351995,-2.987482659351995,3.3685472475945266,3.439282658363581,3.4436089346883962
6244,6.581709428840165,3.3062368568708957,6.598381161575034,3.3266401239010546,-3.326640123901055,3.25506930493911,3.271741037673979,3.2754725719692694
6306,6.836912108837899,3.736872349141822,6.738698190904079,3.6414561368834186,-3.6414561368834177,3.195455971954481,3.097242054020661,3.1000397596960765
6369,6.899126248484192,3.980132094425038,6.823812966504223,3.9062382164416216,-3.9062382164416207,2.9928880320425715,2.917574750062602,2.9189941540591544
6433,7.0934795898545575,4.359413934649254,6.833347258406164,4.098738303052372,-4.098738303052372,2.994741286802186,2.7346089553537922,2.734065655205304
6497,6.9985573521605575,4.451571149053735,6.754205658097477,4.203985441450706,-4.2039854414507065,2.794571910709851,2.5502202166467702,2.5469862031068224
6562,6.716026937774342,4.356579334898198,6.582050425882991,4.215820328138907,-4.215820328138905,2.5002066096354367,2.3662300977440855,2.3594476028761435
6628,6.6327297633678,4.459666682647534,6.323086288387346,4.1387407474434745,-4.1387407474434745,2.493989015924326,2.1843455409438715,2.173063080720266
6694,6.309274056758348,4.3199399859274905,5.993494901886586,3.987458167839205,-3.987458167839206,2.321815888919142,2.00603673404738,1.9893340708308571
6761,5.844368322424287,4.034744885573131,5.614682414057876,3.7821026039776617,-3.7821026039776613,2.0622657184466253,1.8325798100802149,1.809623436851156
6828,5.317951916724391,3.6828159609166256,5.211193657060218,3.546322107055366,-3.5463221070553654,1.771629809669026,1.664871550004853,1.6351359558077658
6897,4.798712086649903,3.3318056260955635,4.804145894765631,3.300439236716671,-3.3004392367166715,1.4982728499332318,1.503706658048959,1.4669064605543398
6966,4.334105304495918,3.0283097276394337,4.410349877357182,3.0609885715046543,-3.0609885715046543,1.273116732991264,1.3493613058525273,1.3057955768564846
7035,3.8645001466749354,2.712007612198019,4.038340074168313,2.8362720281269826,-2.8362720281269826,1.0282281185479527,1.2020680460413304,1.1524925344769166
7106,3.4615295031597144,2.454005392836009,3.6906078596906084,2.628483911752206,-2.6284839117522054,0.833045591407509,1.062123947938403,1.0075241103237054
7177,3.126527919674288,2.255259512651313,3.3643420329469333,2.4348359381992117,-2.434835938199212,0.6916919814750759,0.9295060947477212,0.8712684070229753
7249,2.7313118178300213,1.9873399080804302,3.0551832866929898,2.250765365691322,-2.250765365691322,0.4805464521386993,0.8044179210016678,0.7439719097495912
7321,2.3993998505811787,1.7736317309555716,2.7585920588850863,2.071637300421824,-2.0716373004218243,0.3277625501593544,0.686954758463262,0.625768119625607
7394,2.069983789365668,1.5532877417092137,2.472341724988189,1.895047072113043,-1.8950470721130432,0.17493671725262483,0.5772946528751459,0.5166960476564545
7468,1.8130310937290397,1.396314119623041,2.1962950280897737,1.720790810781132,-1.7207908107811325,0.0922402829479072,0.47550421730864123,0.4167169741059987
7543,1.6738565327735406,1.3481284032227374,1.9325557746725568,1.550985678226201,-1.5509856782262013,0.12287085454733937,0.38157009644635553,0.3257281295508032
7618,1.6613286277764845,1.4177563071556736,1.684768255019163,1.3894000883428774,-1.3894000883428776,0.27192853943360684,0.2953681666762853,0.24357232062081102
7694,1.6596798806242887,1.489636899529167,1.4572877404228812,1.240585269215001,-1.2405852692150012,0.4190946114092875,0.21670247120788,0.1700429810951218
7771,1.5169021984890785,1.4120175536934605,1.254142657670895,1.108888157310023,-1.1088881573100229,0.4080140411790556,0.14525450036087206,0.10488464479561789
7849,1.157208925407553,1.1094195538448464,1.0784286057530652,0.9978078610918383,-0.9978078610918382,0.15940106431571488,0.08062074466122704,0.0477893715627067
7928,0.5848542628382738,0.5864640940755644,0.9318969549398946,0.9095646822363457,-0.909564682236346,-0.3247104193980722,0.02233227270354854,-0.0016098312372906148
8007,0.23208611845897126,0.2758332236491156,0.8148005639340167,0.8449233108048506,-0.8449233108048507,-0.6128371923458795,-0.03012274687083405,-0.04374710519014435
8087,-0.029759539183441368,0.049371993678194344,0.7260389089491078,0.8033088176918114,-0.8033088176918115,-0.8330683568752528,-0.07726990874270367,-0.07913153286163571
8168,-0.013385953043151535,0.09496665724224602,0.6632842757912975,0.7829126435457372,-0.7829126435457371,-0.7962985965888886,-0.11962836775443964,-0.10835261028539755
8250,-0.07891536538850202,0.053165996560529366,0.6232246618455256,0.7809060462793901,-0.7809060462793903,-0.8598214116678924,-0.1576813844338647,-0.1320813619490314
8332,0.15333091288782436,0.30439613532646614,0.6017602509676889,0.7936106298413302,-0.7936106298413301,-0.6402797169535057,-0.1918503788736412,-0.1510652224386418
8415,0.46220475552998147,0.6283199136112876,0.5942040464914339,0.8166779174563341,-0.8166779174563341,-0.35447316192635264,-0.22247387096490023,-0.16611515808130617
8499,-0.1878722223269725,-0.009788196274676336,0.5953817338163352,0.8451661627229021,-0.8451661627229026,-1.033038385049875,-0.24978442890656738,-0.17808402605229617
8584,0.5270077298325102,0.7148435709804234,0.5997831581621522,0.8736747263470487,-0.8736747263470487,-0.3466669965145385,-0.27389156818489646,-0.18783584114791319
8670,0.6208272233955467,0.8170336255616812,0.6017145433812542,0.8964829689158144,-0.8964829689158144,-0.2756557455202676,-0.2947684255345602,-0.19620640216613452
8757,0.4200583482306301,0.6240149179533934,0.5954813761120423,0.9077248309294687,-0.9077248309294685,-0.48766648269883844,-0.3122434548174262,-0.20395656972276327
8845,-0.027088591338947636,0.1846317348276054,0.5756028345138389,0.9016007387734531,-0.9016007387734529,-0.9286893301124005,-0.32599790425961406,-0.21172032616655304
8933,-0.48632698873852936,-0.26637646650429125,0.5370457181130734,0.8726151413472493,-0.8726151413472489,-1.3589421300857782,-0.3355694232341755,-0.2199505222342381
9022,-0.5781238741525918,-0.349258014091242,0.47546842822234026,0.8158323572453708,-0.8158323572453708,-1.3939562313979628,-0.3403639290230306,-0.22886586006134982
9113,-0.3278303988238332,-0.08942728059624167,0.3874350926205406,0.7271075701141118,-0.7271075701141116,-1.0549379689379448,-0.33967247749357105,-0.23840311822759153
9204,0.36841369550714637,0.6165925360526969,0.2706069554958495,0.6033032789855262,-0.6033032789855262,-0.2348895834783798,-0.33269632348967665,-0.24817884054555053
9296,1.277048714397134,1.5345133625779686,0.12388493216083904,0.44246503526641734,-0.4424650352664174,0.8345836791307166,-0.3185801031055784,-0.25746464818083437
9389,2.41266097006707,2.677840942932069,-0.05250433383824826,0.24394523270535395,-0.30155081909734466,2.111110150969725,-0.3540551529355929,-0.2651799728649989
9483,2.781146413118486,3.0510517581732515,-0.25697923790556454,0.008476551739005665,-0.1904315704426087,2.5907148426758777,-0.44741080834817326,-0.2699053450547653
9577,2.8328429432314564,3.1027613663799736,-0.4866332178975008,-0.2618097254177188,-0.10987717463045539,2.722965768601001,-0.5965103925279562,-0.26991842314851716
9673,1.8546893777758875,2.1179431350396873,-0.7373281499669975,-0.5634260411772387,-0.05326445752710329,1.8014249202487842,-0.7905926074941008,-0.2632537572637998
9770,1.5603544067165585,1.8081403087000147,-1.0038327448777156,-0.8916146599753968,-0.01652388499250756,1.5438305217240509,-1.0203566298702231,-0.2477859019834562
9868,1.3391861229669155,1.5605201249239118,-1.2800216922036054,-1.2404954624283608,0.00032100301957616045,1.3395071259864917,-1.2797006891840292,-0.22133400195699632
9966,0.29652080790510643,0.47830526794939526,-1.5591119024556717,-1.6032536902807168,0.00024387534448866427,0.2967646832495951,-1.558868027111183,-0.18178446004428883
10066,-0.9356767716739977,-0.8084499165149363,-1.8339339375747545,-1.9723680696568604,0.00018475381778948474,-0.9354920178562082,-1.833749183756965,-0.1272268551590614
10167,-1.975595149566279,-1.919498146370098,-2.097222466457379,-2.339864877299533,0.0001399658100984524,-1.9754551837561805,-2.0970825006472804,-0.056097003196180835
10268,-3.2178028526827216,-3.2504828107340114,-2.3419175095761546,-2.697592241137771,0.00010632651911102184,-3.2176965261636106,-2.3418111830570436,0.032679958051289974
10371,-4.8231370778133655,-4.962691326382934,-2.561457859169475,-3.03749756318664,8.055638997905842e-05,-4.8230565214233865,-2.561377302779496,0.1395542485695685
10475,-6.381676633500247,-6.645908574029545,-2.75005540545083,-3.3518982329405524,6.103742894403297e-05,-6.381615596071303,-2.749994368021886,0.2642319405292982
10579,-7.329774832429655,-7.735353960442232,-2.9029359501312824,-3.6337326562579664,4.637486404668322e-05,-7.329728457565609,-2.9028895752672357,0.4055791280125769
10685,-7.71947538815957,-8.281032362722339,-3.0165353337338154,-3.876780898727146,3.51459495719908e-05,-7.719440242209998,-3.0165001877842434,0.5615569745627689
10792,-7.5517523319825415,-8.280946056973464,-3.0886428698658124,-4.075847125311568,2.6640183726556188e-05,-7.551725691798815,-3.088616229682086,0.7291937249909225
10900,-7.326219561424008,-8.230817794530267,-3.118484243277396,-4.226895764249321,2.0196598114807784e-05,-7.326199364825893,-3.1184640466792812,0.9045982331062601
11009,-6.5303432317709875,-7.613360902129855,-3.1067421334972853,-4.327138616053848,1.5314674054245362e-05,-6.530327917096933,-3.106726818823231,1.0830176703588683
11119,-3.246103107060786,-4.505043040147609,-3.0555142861334144,-4.3750711989198985,1.1615421156463412e-05,-3.2460914916396297,-3.055502670712258,1.2589399330868232
11230,-1.0642826587024086,-2.4905216279716433,-2.9682125828906463,-4.370459863775916,8.811882042714105e-06,-1.0642738468203659,-2.9682037710086036,1.4262389692692348
11343,0.5329871993676445,-1.045371724857996,-2.849409545191606,-4.314283630318639,6.670412431297733e-06,0.5329938697800758,-2.849402874779175,1.5783589242256404
11456,0.9395408234397048,-0.7689899664652856,-2.7046412257163426,-4.208636819253981,5.0633189765392225e-06,0.9395458867586813,-2.704636162397366,1.7085307899049904
11571,-0.3218852764532923,-2.1318985407294533,-2.540177486146237,-4.056600293028665,3.83535267367563e-06,-0.3218814411006186,-2.5401736507935633,1.810013264276161
11686,-1.3099855183895863,-3.1863334249310933,-2.362771808041303,-3.862090090831683,2.913186511577237e-06,-1.3099826052030747,-2.3627688948547916,1.8763479065415072
11803,-1.0559290890197257,-2.9575466031870765,-2.1794034973187464,-3.629692878334879,2.2082806694356805e-06,-1.0559268807390563,-2.179401289038077,1.9016175141673508
11921,-0.8599809917446031,-2.740677020804727,-1.9970247314081009,-3.3644973147554347,1.6746107824872067e-06,-0.8599793171338206,-1.9970230567973184,1.880696029060124
12040,-1.2374698858712083,-3.0469481393588085,-1.8223241238936425,-3.0719298485645514,1.2704387675199773e-06,-1.2374686154324408,-1.822322853454875,1.8094782534876002
12161,-2.272401456809,-3.957479696293536,-1.6615167869239702,-2.7576021116492457,9.620265721821393e-07,-2.2724004947824277,-1.661515824897398,1.685078239484536
12282,-2.651286670784524,-4.157273062541064,-1.5201688577240449,-2.427175514081115,7.304930225160452e-07,-2.6512859402915017,-1.5201681272310223,1.5059863917565395
12405,-2.4575821019978807,-3.729759144469649,-1.4030620105892067,-2.086246752571934,5.536942619954633e-07,-2.4575815483036187,-1.4030614568949447,1.2721770424717682
12529,-1.4625237201838974,-2.447684154107948,-1.3141008745791392,-1.7402559928198738,4.199014842499237e-07,-1.4625233002824132,-1.314100454677655,0.9851604339240505
12655,-0.2363800151842206,-0.8843555868741885,-1.2562636785827992,-1.3944175739524698,3.179062044719261e-07,-0.23637969727801614,-1.2562633606765947,0.6479755716899679
12781,0.010601501850031121,-0.2545216530186489,-1.2315940089085178,-1.0536713823234938,2.413503246161044e-07,0.010601743200355737,-1.2315937675581932,0.26512315486868
12909,0.07603098040000583,0.23359037384379333,-1.2412294487532483,-0.7226516470682696,1.8293605829992898e-07,0.07603116333606413,-1.24122926581719,-0.1575593934437875
13038,0.1218909664225602,0.7349669996545547,-1.2854611863631804,-0.4056689278314634,-0.04743312923746893,0.07445783718509127,-1.3328943156006494,-0.6130760332319946
13168,-0.22858632387805855,0.8649097511884918,-1.3638175207140157,-0.10670054180853668,-0.15010320545903433,-0.3786895293370929,-1.51392072617305,-1.0934960750665503
13300,-0.46785456084056515,1.1223600135515825,-1.475163594738234,0.17061536678162018,-0.30904427796389955,-0.7768988388044646,-1.7842078727021335,-1.5902145743921476
13433,-1.5608834968525844,0.5333545391446792,-1.6178096536382645,0.4229865002746314,-0.49251718458191796,-2.0534006814345025,-2.1103268382201823,-2.0942380359972637
13567,-2.8902281060366173,-0.29374491967955185,-1.7896206212568355,0.6474773976563505,-0.6695862547999002,-3.5598143608365174,-2.4592068760567356,-2.5964831863570654
13703,-3.4666848355193176,-0.37860877226607226,-1.988120731057024,0.8415271924943586,-0.8415271924943585,-4.308212028013676,-2.8296479235513825,-3.0880760632532454
13840,-3.799635932447941,-0.23899713088119956,-2.2105882393424103,1.0029752658506663,-1.002975265850666,-4.802611198298607,-3.2135635051930764,-3.5606388015667414
13978,-4.1489347512059185,-0.1423825058892989,-2.4541367647590673,1.1300945186353097,-1.1300945186353095,-5.279029269841228,-3.584231283394377,-4.00655224531662
14118,-3.954056439183266,0.4651274021444918,-2.7157814079642857,1.2216306318514847,-1.2216306318514847,-5.175687071034751,-3.9374120398157704,-4.419183841327758
14259,-3.9023840531354432,0.8906880237912036,-2.9924893936162698,1.2768444871938482,-1.276844487193848,-5.179228540329291,-4.269333880810118,-4.793072076926647
14402,-3.7125980380264942,1.4114629168657262,-3.2812163607532296,1.2955540096401614,-1.2955540096401612,-5.0081520476666554,-4.57677037039339,-5.1240609548922205
14546,-3.271525997506109,2.137854466546599,-3.578930594707965,1.2781711166613092,-1.2781711166613094,-4.549697114167419,-4.857101711369275,-5.409380464052708
14692,-2.645962596172777,3.0017090012519585,-3.8826283268412403,1.2257292772340098,-1.2257292772340096,-3.871691873406786,-5.10835760407525,-5.647671597424735
14838,-1.99844970710388,3.8405073577481446,-4.189343668264749,1.1398974201391976,-1.1398974201391976,-3.138347127243078,-5.329241088403947,-5.838957064852025
14987,-2.1105086199043743,3.8740526680836664,-4.496156807988067,1.0229765584285804,-1.0229765584285804,-3.133485178332955,-5.519133366416647,-5.984561287988041
15137,-2.617756587750881,3.4692290082614647,-4.800203595354113,0.8778765428191007,-0.8778765428191005,-3.4956331305699813,-5.678080138173214,-6.086985596012346
15288,-3.993126644119277,2.1566194154868397,-5.098689391676466,0.7080714730668195,-0.7080714730668193,-4.701198117186096,-5.806760864743285,-6.149746059606117
15441,-5.1438818366833186,1.0333011309652171,-5.388908915455861,0.5175337962637422,-0.5175337962637422,-5.661415632947061,-5.9064427117196034,-6.177182967648536
15595,-6.166289128121967,0.007962749948975834,-5.668272696277043,0.31064863245628094,-0.3540567450796257,-6.520345873201593,-6.022329441356669,-6.174251878070943
15751,-7.572236896206964,-1.4259304154550687,-5.934339720990475,0.0921112805287514,-0.22446366147444957,-7.7967005576814135,-6.158803382464924,-6.146306480751895
15909,-7.7652253841349355,-1.6663418695200463,-6.184854580850023,-0.13318780809991435,-0.1290745987207066,-7.894299982855642,-6.31392917957073,-6.098883514614889
16068,-6.97359507434703,-0.9360974891107912,-6.417788858763476,-0.3602860649756637,-0.06286432200425852,-7.0364593963512885,-6.480653180767734,-6.037497585236239
16229,-7.111123735897353,-1.143667126331498,-6.631380432718488,-0.5842730241578352,-0.01976316441675438,-7.130886900314107,-6.651143597135242,-5.967456609565855
16391,-8.196549770587946,-2.3028461136987906,-6.8241688986570646,-0.8004100190024251,2.3889335057673475e-10,-8.196549770349053,-6.824168898418171,-5.893703656889156
16555,-8.598003833851005,-2.7773141342761294,-6.995024535258146,-1.0042397280985156,1.8112089624527559e-10,-8.598003833669884,-6.995024535077025,-5.820689699574875
16720,-8.19991626880828,-2.447635802521736,-7.1431677395319,-1.191680318756175,1.3746515038102756e-10,-8.199916268670815,-7.143167739394435,-5.752280466286544
16888,-6.930097901736262,-1.2384019531250088,-7.268180116741914,-1.359100981845002,1.0409983985841997e-10,-6.930097901632162,-7.268180116637814,-5.691695948611253
17056,-5.580371792569849,0.06112874436388793,-7.369980485770644,-1.5033682477483425,7.90496557092969e-11,-5.5803717924908,-7.3699804856915945,-5.641500536933737
17227,-6.7251653112788015,-1.1215574979568608,-7.448811649297711,-1.6218743115445315,5.99005289812835e-11,-6.725165311218901,-7.44881164923781,-5.603607813321941
17399,-7.604717020815241,-2.0253976014584287,-7.505205360602946,-1.7125392012965424,4.543920795187185e-11,-7.604717020769802,-7.505205360557507,-5.579319419356812
17573,-8.336758120381088,-2.767364757234759,-7.539927316646846,-1.7737875003627543,3.445510543542453e-11,-8.336758120346634,-7.539927316612391,-5.569393363146329
17749,-8.52197093742505,-2.9478362659344617,-7.553906910084839,-1.8045026170121232,2.611599825286062e-11,-8.521970937398933,-7.553906910058723,-5.5741346714905875
17926,-8.908694221528211,-3.3151546092115725,-7.54810440907421,-1.8039481309047605,1.9818813257190662e-11,-8.908694221508393,-7.548104409054392,-5.593539612316639
18106,-9.267242665730485,-3.639982048920052,-7.523629101932082,-1.771745987806614,1.501021529292219e-11,-9.267242665715475,-7.523629101917072,-5.6272606168104335
18287,-8.355755501830176,-2.680911857287481,-7.481475755171197,-1.7077538372595233,1.1382894626929745e-11,-8.355755501818793,-7.481475755159814,-5.674843644542695
18470,-6.097871405777111,-0.3620498258290974,-7.422468330839537,-1.6119824745178268,8.630429703696721e-12,-6.097871405768481,-7.422468330830907,-5.735821579948014
18654,-4.919020592664727,0.890760399998002,-7.347231341941052,-1.4845257834996575,6.5512040262492226e-12,-4.919020592658176,-7.347231341934501,-5.809780992662729
18841,-4.770959618236367,1.1254426905270352,-7.2561863028773415,-1.3255064288746707,4.964029167375209e-12,-4.770959618231403,-7.256186302872377,-5.8964023087634025
19029,-5.465637140794739,0.5293379782407914,-7.150254137877449,-1.1352165926042013,3.76587655373864e-12,-5.465637140790973,-7.1502541378736835,-5.99497511903553
19220,-6.180634699984352,-0.07444833695133202,-7.028393784895588,-0.9134914213306466,2.852828541975716e-12,-6.180634699981499,-7.028393784892735,-6.10618636303302
19412,-6.723536639240253,-0.4935005984843652,-6.890605243931724,-0.660330915053946,2.163603497751243e-12,-6.723536639238089,-6.89060524392956,-6.230036040755888
19606,-7.030428087598926,-0.6639039353947931,-6.736888514985795,-0.375735073774035,0.046590236824075135,-6.983837850774851,-6.69029827816172,-6.366524152204133
19802,-7.002476645114131,-0.48682594773637344,-6.567243598057787,-0.059703897490899105,1.2443379659998755e-12,-7.002476645112886,-6.5672435980565425,-6.515650697377757
20000,-7.264101448189753,-0.5866857719129923,-6.381670493147698,0.28776261379546325,-0.28776261379546325,-7.551864061985216,-6.669433106943162,-6.677415676276761
