frequency,raw,error,smoothed,error_smoothed,equalization,parametric_eq,equalized_raw,equalized_smoothed,target
20,-15.72,-15.97,-15.69,-15.91,6.00,2.94,-9.72,-9.69,0.25
21,-15.04,-15.29,-15.07,-15.29,6.00,3.37,-9.04,-9.07,0.25
22,-14.57,-14.81,-14.46,-14.69,6.00,3.83,-8.57,-8.46,0.24
23,-13.85,-14.09,-13.88,-14.11,6.00,4.33,-7.85,-7.88,0.24
24,-13.22,-13.46,-13.31,-13.55,6.00,4.85,-7.22,-7.31,0.24
25,-12.76,-12.99,-12.77,-13.00,6.00,5.39,-6.76,-6.77,0.23
26,-12.22,-12.45,-12.24,-12.47,6.00,5.93,-6.22,-6.24,0.23
27,-11.68,-11.91,-11.73,-11.96,6.00,6.44,-5.68,-5.73,0.23
28,-11.18,-11.40,-11.24,-11.47,6.00,6.90,-5.18,-5.24,0.23
29,-10.94,-11.16,-10.77,-10.99,6.00,7.26,-4.94,-4.77,0.22
30,-10.28,-10.50,-10.32,-10.54,6.00,7.51,-4.28,-4.32,0.22
31,-9.87,-10.09,-9.89,-10.11,6.00,7.63,-3.87,-3.89,0.22
32,-9.57,-9.78,-9.48,-9.69,6.00,7.62,-3.57,-3.48,0.22
33,-9.13,-9.34,-9.11,-9.30,6.00,7.49,-3.13,-3.11,0.21
34,-8.66,-8.87,-8.74,-8.91,6.00,7.28,-2.66,-2.74,0.21
35,-8.27,-8.48,-8.36,-8.55,6.00,7.01,-2.27,-2.36,0.21
36,-7.98,-8.18,-8.01,-8.19,6.00,6.71,-1.98,-2.01,0.21
37,-7.72,-7.92,-7.67,-7.84,6.00,6.39,-1.72,-1.67,0.20
38,-7.47,-7.66,-7.35,-7.51,6.00,6.08,-1.47,-1.35,0.19
39,-7.06,-7.24,-7.04,-7.21,6.00,5.78,-1.06,-1.04,0.18
40,-6.84,-7.01,-6.76,-6.92,6.00,5.50,-0.84,-0.76,0.17
41,-6.61,-6.77,-6.50,-6.65,6.00,5.25,-0.61,-0.50,0.16
42,-6.20,-6.34,-6.27,-6.41,5.97,5.01,-0.23,-0.29,0.14
43,-5.92,-6.05,-6.07,-6.18,5.92,4.80,-0.00,-0.15,0.13
44,-5.70,-5.81,-5.89,-5.98,5.83,4.62,0.13,-0.06,0.11
45,-5.70,-5.79,-5.73,-5.79,5.72,4.45,0.03,-0.01,0.09
46,-5.47,-5.54,-5.59,-5.62,5.60,4.31,0.14,0.02,0.07
47,-5.47,-5.51,-5.45,-5.47,5.47,4.18,0.00,0.01,0.05
48,-5.24,-5.26,-5.33,-5.32,5.32,4.07,0.08,-0.01,0.02
49,-5.24,-5.24,-5.22,-5.18,5.18,3.98,-0.06,-0.04,0.00
50,-5.24,-5.22,-5.09,-5.03,5.03,3.90,-0.21,-0.06,-0.02
51,-5.20,-5.16,-4.97,-4.88,4.88,3.82,-0.32,-0.10,-0.04
52,-4.91,-4.84,-4.85,-4.71,4.71,3.76,-0.19,-0.13,-0.06
53,-4.78,-4.69,-4.68,-4.54,4.54,3.71,-0.24,-0.14,-0.09
54,-4.56,-4.45,-4.51,-4.35,4.35,3.65,-0.21,-0.16,-0.11
55,-4.33,-4.19,-4.32,-4.14,4.14,3.61,-0.19,-0.18,-0.13
56,-4.10,-3.94,-4.12,-3.92,3.92,3.56,-0.18,-0.20,-0.16
57,-3.87,-3.68,-3.89,-3.68,3.68,3.51,-0.19,-0.21,-0.18
58,-3.64,-3.43,-3.68,-3.44,3.44,3.47,-0.20,-0.24,-0.21
59,-3.42,-3.18,-3.45,-3.19,3.19,3.42,-0.22,-0.26,-0.24
60,-3.20,-2.93,-3.22,-2.95,2.95,3.36,-0.25,-0.27,-0.27
61,-2.96,-2.66,-2.99,-2.70,2.70,3.30,-0.26,-0.30,-0.30
62,-2.73,-2.40,-2.79,-2.46,2.46,3.24,-0.27,-0.33,-0.33
63,-2.73,-2.37,-2.58,-2.23,2.23,3.17,-0.50,-0.36,-0.36
64,-2.41,-2.02,-2.40,-2.01,2.01,3.10,-0.40,-0.39,-0.39
65,-2.23,-1.81,-2.23,-1.81,1.81,3.03,-0.42,-0.42,-0.42
66,-2.05,-1.60,-2.08,-1.62,1.62,2.94,-0.43,-0.46,-0.45
67,-2.05,-1.57,-1.94,-1.46,1.46,2.86,-0.59,-0.48,-0.48
68,-1.72,-1.21,-1.82,-1.32,1.32,2.77,-0.40,-0.50,-0.50
69,-1.59,-1.06,-1.73,-1.19,1.19,2.68,-0.40,-0.54,-0.53
70,-1.59,-1.03,-1.66,-1.09,1.09,2.59,-0.50,-0.57,-0.55
71,-1.59,-1.01,-1.61,-1.01,1.01,2.50,-0.58,-0.60,-0.58
72,-1.59,-0.98,-1.57,-0.95,0.95,2.41,-0.64,-0.62,-0.61
73,-1.59,-0.96,-1.55,-0.91,0.91,2.32,-0.67,-0.63,-0.63
74,-1.59,-0.93,-1.56,-0.89,0.89,2.23,-0.69,-0.67,-0.66
75,-1.59,-0.91,-1.58,-0.89,0.89,2.13,-0.70,-0.69,-0.68
76,-1.59,-0.88,-1.62,-0.90,0.90,2.04,-0.69,-0.72,-0.71
77,-1.77,-1.04,-1.68,-0.93,0.93,1.96,-0.84,-0.75,-0.73
78,-1.82,-1.06,-1.75,-0.97,0.97,1.87,-0.85,-0.78,-0.75
79,-1.82,-1.04,-1.82,-1.02,1.02,1.78,-0.80,-0.79,-0.78
80,-1.82,-1.02,-1.89,-1.09,1.09,1.70,-0.73,-0.81,-0.80
81,-1.97,-1.14,-1.99,-1.17,1.17,1.62,-0.80,-0.82,-0.82
82,-2.06,-1.21,-2.10,-1.26,1.26,1.54,-0.80,-0.84,-0.85
83,-2.28,-1.41,-2.23,-1.36,1.36,1.46,-0.92,-0.87,-0.87
84,-2.28,-1.39,-2.37,-1.47,1.47,1.39,-0.80,-0.89,-0.89
85,-2.51,-1.59,-2.51,-1.60,1.60,1.31,-0.91,-0.92,-0.91
86,-2.63,-1.69,-2.67,-1.73,1.73,1.24,-0.90,-0.94,-0.94
87,-2.73,-1.77,-2.82,-1.86,1.86,1.17,-0.87,-0.97,-0.96
88,-3.01,-2.03,-2.99,-1.99,1.99,1.10,-1.02,-1.00,-0.98
89,-3.19,-2.19,-3.15,-2.13,2.13,1.04,-1.06,-1.02,-1.00
90,-3.37,-2.34,-3.30,-2.25,2.25,0.97,-1.11,-1.04,-1.03
91,-3.44,-2.39,-3.43,-2.37,2.37,0.91,-1.06,-1.06,-1.05
92,-3.64,-2.57,-3.56,-2.48,2.48,0.85,-1.16,-1.08,-1.07
93,-3.64,-2.54,-3.67,-2.57,2.57,0.79,-1.07,-1.10,-1.09
94,-3.83,-2.71,-3.77,-2.63,2.63,0.73,-1.19,-1.14,-1.11
95,-3.87,-2.73,-3.85,-2.68,2.68,0.67,-1.19,-1.17,-1.13
96,-3.87,-2.72,-3.90,-2.71,2.71,0.61,-1.16,-1.19,-1.15
97,-3.87,-2.70,-3.91,-2.70,2.70,0.56,-1.17,-1.21,-1.17
98,-3.87,-2.68,-3.89,-2.67,2.67,0.51,-1.20,-1.22,-1.18
99,-3.87,-2.67,-3.85,-2.62,2.62,0.45,-1.25,-1.23,-1.20
100,-3.87,-2.66,-3.78,-2.54,2.54,0.40,-1.32,-1.23,-1.21
101,-3.84,-2.62,-3.69,-2.45,2.45,0.35,-1.39,-1.25,-1.22
102,-3.64,-2.41,-3.59,-2.33,2.33,0.31,-1.31,-1.26,-1.23
104,-3.59,-2.32,-3.48,-2.20,2.20,0.21,-1.39,-1.29,-1.27
105,-3.32,-2.04,-3.35,-2.05,2.05,0.17,-1.27,-1.30,-1.28
106,-3.03,-1.74,-3.21,-1.89,1.89,0.13,-1.14,-1.32,-1.29
107,-2.96,-1.67,-3.05,-1.72,1.72,0.08,-1.24,-1.33,-1.29
108,-2.76,-1.46,-2.87,-1.54,1.54,0.04,-1.22,-1.33,-1.30
109,-2.73,-1.42,-2.68,-1.35,1.35,0.00,-1.38,-1.33,-1.31
110,-2.51,-1.19,-2.50,-1.16,1.16,-0.03,-1.34,-1.33,-1.32
111,-2.50,-1.17,-2.32,-0.98,0.98,-0.07,-1.52,-1.34,-1.33
112,-2.26,-0.92,-2.15,-0.80,0.80,-0.10,-1.46,-1.35,-1.34
113,-2.03,-0.68,-2.00,-0.62,0.62,-0.14,-1.41,-1.38,-1.35
114,-1.80,-0.43,-1.86,-0.45,0.45,-0.17,-1.35,-1.40,-1.36
115,-1.59,-0.21,-1.73,-0.29,0.29,-0.20,-1.30,-1.44,-1.38
117,-1.37,0.06,-1.59,-0.14,0.14,-0.26,-1.23,-1.46,-1.43
118,-1.37,0.08,-1.46,0.01,-0.01,-0.29,-1.38,-1.47,-1.44
119,-1.37,0.10,-1.33,0.15,-0.15,-0.31,-1.52,-1.48,-1.47
120,-1.36,0.13,-1.22,0.28,-0.28,-0.34,-1.64,-1.50,-1.49
121,-1.14,0.37,-1.12,0.41,-0.41,-0.36,-1.54,-1.53,-1.51
123,-1.14,0.42,-1.03,0.52,-0.52,-0.40,-1.66,-1.54,-1.55
124,-0.95,0.62,-0.95,0.62,-0.62,-0.42,-1.57,-1.58,-1.57
125,-0.91,0.68,-0.89,0.72,-0.72,-0.44,-1.63,-1.62,-1.59
126,-0.76,0.85,-0.83,0.81,-0.81,-0.45,-1.57,-1.65,-1.61
128,-0.68,0.97,-0.77,0.90,-0.90,-0.48,-1.58,-1.67,-1.65
129,-0.68,0.99,-0.70,0.99,-0.99,-0.49,-1.67,-1.68,-1.67
130,-0.68,1.00,-0.62,1.07,-1.07,-0.51,-1.75,-1.69,-1.68
131,-0.64,1.06,-0.54,1.15,-1.15,-0.52,-1.79,-1.70,-1.70
133,-0.45,1.28,-0.50,1.23,-1.23,-0.53,-1.68,-1.73,-1.73
134,-0.45,1.29,-0.45,1.30,-1.30,-0.54,-1.75,-1.76,-1.74
135,-0.45,1.31,-0.41,1.37,-1.37,-0.55,-1.82,-1.78,-1.76
137,-0.38,1.41,-0.36,1.44,-1.44,-0.56,-1.82,-1.80,-1.79
138,-0.23,1.57,-0.32,1.50,-1.50,-0.57,-1.73,-1.82,-1.80
140,-0.23,1.60,-0.27,1.57,-1.57,-0.58,-1.80,-1.84,-1.83
141,-0.23,1.62,-0.23,1.63,-1.63,-0.58,-1.86,-1.86,-1.85
142,-0.23,1.63,-0.18,1.69,-1.69,-0.58,-1.92,-1.87,-1.86
144,-0.23,1.66,-0.14,1.75,-1.75,-0.59,-1.98,-1.89,-1.89
145,-0.23,1.67,-0.11,1.81,-1.81,-0.59,-2.03,-1.92,-1.90
147,0.00,1.93,-0.09,1.86,-1.86,-0.59,-1.86,-1.95,-1.93
148,0.00,1.94,-0.04,1.92,-1.92,-0.59,-1.91,-1.96,-1.94
150,0.00,1.97,-0.01,1.96,-1.96,-0.60,-1.96,-1.97,-1.97
151,0.00,1.98,0.02,1.99,-1.99,-0.60,-1.99,-1.97,-1.98
153,0.00,2.00,0.03,2.02,-2.02,-0.60,-2.02,-1.98,-2.00
154,0.00,2.01,0.03,2.03,-2.03,-0.60,-2.03,-2.00,-2.01
156,0.00,2.03,0.01,2.03,-2.03,-0.60,-2.02,-2.01,-2.03
157,0.00,2.03,-0.03,2.01,-2.01,-0.61,-2.01,-2.04,-2.03
159,0.00,2.05,-0.08,1.98,-1.98,-0.61,-1.98,-2.06,-2.05
160,0.00,2.05,-0.15,1.94,-1.94,-0.61,-1.94,-2.09,-2.05
162,0.00,2.07,-0.23,1.90,-1.90,-0.61,-1.89,-2.12,-2.07
164,-0.25,1.83,-0.29,1.85,-1.85,-0.62,-2.09,-2.14,-2.08
165,-0.41,1.68,-0.36,1.79,-1.79,-0.62,-2.20,-2.15,-2.09
167,-0.68,1.42,-0.42,1.74,-1.74,-0.62,-2.42,-2.16,-2.10
169,-0.68,1.44,-0.48,1.69,-1.69,-0.63,-2.37,-2.17,-2.12
170,-0.68,1.45,-0.54,1.64,-1.64,-0.63,-2.32,-2.18,-2.12
172,-0.68,1.46,-0.60,1.59,-1.59,-0.64,-2.26,-2.19,-2.14
174,-0.68,1.48,-0.67,1.53,-1.53,-0.65,-2.21,-2.21,-2.16
175,-0.68,1.49,-0.74,1.48,-1.48,-0.65,-2.16,-2.22,-2.16
177,-0.68,1.50,-0.80,1.43,-1.43,-0.66,-2.11,-2.23,-2.18
179,-0.68,1.52,-0.86,1.38,-1.38,-0.67,-2.06,-2.23,-2.19
181,-0.80,1.41,-0.90,1.32,-1.32,-0.67,-2.12,-2.22,-2.21
183,-0.91,1.31,-0.96,1.26,-1.26,-0.68,-2.17,-2.22,-2.22
184,-1.00,1.22,-1.03,1.19,-1.19,-0.69,-2.19,-2.21,-2.22
186,-1.14,1.09,-1.11,1.12,-1.12,-0.70,-2.25,-2.23,-2.23
188,-1.34,0.89,-1.20,1.04,-1.04,-0.71,-2.38,-2.24,-2.23
190,-1.37,0.86,-1.28,0.97,-0.97,-0.72,-2.34,-2.25,-2.23
192,-1.37,0.86,-1.36,0.90,-0.90,-0.73,-2.26,-2.25,-2.23
194,-1.37,0.86,-1.43,0.83,-0.83,-0.75,-2.19,-2.25,-2.23
196,-1.53,0.70,-1.49,0.76,-0.76,-0.76,-2.29,-2.25,-2.23
198,-1.59,0.64,-1.53,0.72,-0.72,-0.77,-2.30,-2.25,-2.23
200,-1.59,0.64,-1.57,0.68,-0.68,-0.79,-2.27,-2.25,-2.23
202,-1.59,0.64,-1.60,0.66,-0.66,-0.80,-2.24,-2.26,-2.23
204,-1.59,0.64,-1.61,0.64,-0.64,-0.81,-2.23,-2.25,-2.23
206,-1.59,0.65,-1.61,0.64,-0.64,-0.83,-2.22,-2.25,-2.24
208,-1.59,0.65,-1.60,0.64,-0.64,-0.84,-2.23,-2.24,-2.24
210,-1.59,0.65,-1.60,0.66,-0.66,-0.86,-2.25,-2.25,-2.24
212,-1.59,0.66,-1.58,0.68,-0.68,-0.87,-2.27,-2.26,-2.25
214,-1.59,0.66,-1.56,0.71,-0.71,-0.89,-2.29,-2.26,-2.25
216,-1.59,0.67,-1.53,0.74,-0.74,-0.90,-2.32,-2.26,-2.26
218,-1.59,0.67,-1.50,0.77,-0.77,-0.91,-2.35,-2.26,-2.26
221,-1.46,0.81,-1.48,0.79,-0.79,-0.93,-2.25,-2.27,-2.27
223,-1.37,0.90,-1.45,0.82,-0.82,-0.95,-2.19,-2.27,-2.27
225,-1.37,0.90,-1.43,0.84,-0.84,-0.96,-2.21,-2.27,-2.27
227,-1.37,0.90,-1.41,0.86,-0.86,-0.97,-2.23,-2.27,-2.27
229,-1.37,0.89,-1.39,0.88,-0.88,-0.99,-2.25,-2.27,-2.26
232,-1.37,0.89,-1.37,0.89,-0.89,-1.00,-2.26,-2.26,-2.26
234,-1.37,0.89,-1.36,0.89,-0.89,-1.02,-2.26,-2.25,-2.26
236,-1.37,0.88,-1.35,0.89,-0.89,-1.03,-2.26,-2.25,-2.25
239,-1.37,0.88,-1.35,0.89,-0.89,-1.04,-2.26,-2.24,-2.25
241,-1.37,0.88,-1.37,0.89,-0.89,-1.05,-2.26,-2.26,-2.25
244,-1.37,0.88,-1.38,0.88,-0.88,-1.06,-2.25,-2.27,-2.24
246,-1.37,0.87,-1.39,0.88,-0.88,-1.07,-2.25,-2.27,-2.24
248,-1.37,0.87,-1.38,0.88,-0.88,-1.08,-2.25,-2.26,-2.24
251,-1.37,0.87,-1.37,0.89,-0.89,-1.09,-2.26,-2.25,-2.23
253,-1.37,0.86,-1.35,0.90,-0.90,-1.10,-2.27,-2.25,-2.23
256,-1.37,0.86,-1.33,0.92,-0.92,-1.11,-2.29,-2.25,-2.23
259,-1.37,0.86,-1.31,0.94,-0.94,-1.11,-2.30,-2.25,-2.23
261,-1.37,0.86,-1.29,0.96,-0.96,-1.12,-2.33,-2.24,-2.23
264,-1.34,0.89,-1.26,0.98,-0.98,-1.13,-2.32,-2.24,-2.23
266,-1.14,1.09,-1.24,1.00,-1.00,-1.13,-2.14,-2.24,-2.23
269,-1.14,1.09,-1.21,1.02,-1.02,-1.13,-2.16,-2.24,-2.23
272,-1.14,1.08,-1.19,1.04,-1.04,-1.14,-2.18,-2.23,-2.22
274,-1.14,1.08,-1.17,1.06,-1.06,-1.14,-2.19,-2.23,-2.22
277,-1.14,1.08,-1.15,1.07,-1.07,-1.15,-2.20,-2.22,-2.21
280,-1.14,1.07,-1.14,1.07,-1.07,-1.15,-2.21,-2.21,-2.21
283,-1.14,1.06,-1.13,1.07,-1.07,-1.15,-2.21,-2.19,-2.20
286,-1.14,1.05,-1.12,1.06,-1.06,-1.16,-2.20,-2.18,-2.19
288,-1.14,1.04,-1.12,1.05,-1.05,-1.16,-2.19,-2.17,-2.18
291,-1.14,1.03,-1.13,1.04,-1.04,-1.16,-2.17,-2.16,-2.17
294,-1.14,1.01,-1.15,1.02,-1.02,-1.17,-2.16,-2.17,-2.15
297,-1.14,1.00,-1.16,1.00,-1.00,-1.17,-2.14,-2.16,-2.14
300,-1.14,0.98,-1.16,0.98,-0.98,-1.18,-2.12,-2.14,-2.12
303,-1.14,0.97,-1.15,0.97,-0.97,-1.18,-2.11,-2.12,-2.10
306,-1.14,0.95,-1.14,0.96,-0.96,-1.19,-2.10,-2.10,-2.09
309,-1.14,0.93,-1.12,0.95,-0.95,-1.19,-2.09,-2.07,-2.07
312,-1.14,0.91,-1.12,0.95,-0.95,-1.20,-2.09,-2.06,-2.05
316,-1.14,0.89,-1.10,0.95,-0.95,-1.21,-2.08,-2.05,-2.03
319,-1.14,0.88,-1.08,0.95,-0.95,-1.22,-2.09,-2.02,-2.01
322,-1.12,0.88,-1.04,0.96,-0.96,-1.23,-2.08,-2.00,-2.00
325,-0.91,1.07,-1.02,0.97,-0.97,-1.24,-1.88,-1.99,-1.98
328,-0.91,1.05,-0.99,0.99,-0.99,-1.25,-1.89,-1.97,-1.96
332,-0.91,1.03,-0.95,1.00,-1.00,-1.27,-1.91,-1.95,-1.94
335,-0.91,1.01,-0.90,1.02,-1.02,-1.28,-1.93,-1.92,-1.92
338,-0.91,0.99,-0.86,1.05,-1.05,-1.29,-1.96,-1.91,-1.90
342,-0.91,0.97,-0.81,1.08,-1.08,-1.31,-1.99,-1.89,-1.88
345,-0.68,1.18,-0.76,1.11,-1.11,-1.32,-1.79,-1.87,-1.86
349,-0.68,1.16,-0.70,1.14,-1.14,-1.34,-1.82,-1.85,-1.84
352,-0.68,1.14,-0.64,1.18,-1.18,-1.36,-1.86,-1.82,-1.82
356,-0.68,1.13,-0.59,1.21,-1.21,-1.38,-1.89,-1.81,-1.80
359,-0.54,1.25,-0.55,1.25,-1.25,-1.40,-1.79,-1.80,-1.79
363,-0.45,1.32,-0.50,1.29,-1.29,-1.43,-1.74,-1.79,-1.77
366,-0.45,1.31,-0.44,1.32,-1.32,-1.44,-1.77,-1.77,-1.75
370,-0.43,1.31,-0.38,1.36,-1.36,-1.47,-1.79,-1.74,-1.74
374,-0.23,1.50,-0.33,1.40,-1.40,-1.50,-1.63,-1.73,-1.72
377,-0.23,1.48,-0.28,1.43,-1.43,-1.52,-1.66,-1.71,-1.71
381,-0.23,1.47,-0.24,1.47,-1.47,-1.55,-1.69,-1.70,-1.70
385,-0.23,1.45,-0.19,1.49,-1.49,-1.58,-1.72,-1.68,-1.68
389,-0.23,1.44,-0.14,1.52,-1.52,-1.61,-1.75,-1.66,-1.67
393,-0.21,1.45,-0.11,1.55,-1.55,-1.64,-1.75,-1.66,-1.66
397,0.00,1.65,-0.10,1.57,-1.57,-1.67,-1.57,-1.67,-1.65
401,0.00,1.64,-0.08,1.59,-1.59,-1.70,-1.58,-1.66,-1.64
405,0.00,1.63,-0.05,1.60,-1.60,-1.73,-1.60,-1.65,-1.63
409,0.00,1.63,-0.02,1.62,-1.62,-1.76,-1.62,-1.64,-1.62
413,0.00,1.62,-0.00,1.64,-1.64,-1.79,-1.64,-1.64,-1.62
417,0.00,1.61,0.03,1.66,-1.66,-1.82,-1.66,-1.63,-1.61
421,0.00,1.61,0.06,1.68,-1.68,-1.85,-1.68,-1.62,-1.60
425,0.00,1.60,0.09,1.70,-1.70,-1.88,-1.69,-1.61,-1.60
430,0.00,1.60,0.11,1.71,-1.71,-1.92,-1.71,-1.60,-1.59
434,0.12,1.71,0.13,1.73,-1.73,-1.95,-1.60,-1.60,-1.59
438,0.23,1.81,0.14,1.74,-1.74,-1.97,-1.51,-1.60,-1.58
443,0.23,1.81,0.17,1.75,-1.75,-2.01,-1.52,-1.58,-1.57
447,0.23,1.80,0.18,1.76,-1.76,-2.03,-1.52,-1.57,-1.57
451,0.23,1.79,0.19,1.76,-1.76,-2.05,-1.53,-1.57,-1.56
456,0.23,1.78,0.21,1.77,-1.77,-2.08,-1.54,-1.56,-1.55
460,0.23,1.77,0.22,1.77,-1.77,-2.10,-1.54,-1.55,-1.53
465,0.23,1.76,0.24,1.77,-1.77,-2.12,-1.54,-1.53,-1.52
470,0.23,1.74,0.26,1.77,-1.77,-2.14,-1.54,-1.51,-1.51
474,0.23,1.73,0.27,1.77,-1.77,-2.15,-1.54,-1.50,-1.50
479,0.23,1.72,0.27,1.77,-1.77,-2.17,-1.54,-1.50,-1.48
484,0.23,1.70,0.28,1.77,-1.77,-2.18,-1.54,-1.50,-1.47
489,0.23,1.69,0.31,1.78,-1.78,-2.19,-1.55,-1.47,-1.46
494,0.34,1.78,0.34,1.79,-1.79,-2.19,-1.45,-1.45,-1.44
499,0.46,1.89,0.37,1.80,-1.80,-2.19,-1.34,-1.43,-1.43
504,0.46,1.87,0.40,1.82,-1.82,-2.19,-1.36,-1.42,-1.41
509,0.46,1.86,0.44,1.84,-1.84,-2.19,-1.38,-1.40,-1.39
514,0.46,1.84,0.47,1.86,-1.86,-2.18,-1.40,-1.38,-1.38
519,0.46,1.82,0.51,1.88,-1.88,-2.17,-1.42,-1.36,-1.36
524,0.53,1.87,0.56,1.90,-1.90,-2.16,-1.37,-1.34,-1.34
529,0.69,2.01,0.61,1.93,-1.93,-2.15,-1.23,-1.31,-1.32
535,0.69,1.99,0.66,1.95,-1.95,-2.13,-1.26,-1.29,-1.30
540,0.69,1.98,0.70,1.98,-1.98,-2.11,-1.28,-1.27,-1.28
545,0.69,1.95,0.74,2.00,-2.00,-2.09,-1.31,-1.26,-1.26
551,0.71,1.95,0.78,2.03,-2.03,-2.06,-1.32,-1.25,-1.24
556,0.91,2.13,0.84,2.07,-2.07,-2.04,-1.16,-1.23,-1.22
562,0.91,2.10,0.92,2.11,-2.11,-2.01,-1.20,-1.19,-1.19
568,1.05,2.21,1.00,2.16,-2.16,-1.98,-1.11,-1.17,-1.16
573,1.14,2.28,1.09,2.22,-2.22,-1.95,-1.08,-1.13,-1.13
579,1.14,2.25,1.17,2.29,-2.29,-1.92,-1.15,-1.12,-1.11
585,1.15,2.23,1.27,2.38,-2.38,-1.89,-1.22,-1.10,-1.08
591,1.37,2.42,1.39,2.47,-2.47,-1.86,-1.10,-1.08,-1.05
596,1.41,2.43,1.52,2.59,-2.59,-1.83,-1.17,-1.07,-1.02
602,1.67,2.67,1.66,2.71,-2.71,-1.80,-1.04,-1.05,-0.99
608,1.83,2.80,1.81,2.85,-2.85,-1.77,-1.02,-1.04,-0.97
615,2.01,2.96,1.98,3.00,-3.00,-1.73,-0.99,-1.03,-0.94
621,2.05,2.97,2.17,3.16,-3.16,-1.70,-1.10,-0.99,-0.92
627,2.28,3.18,2.35,3.31,-3.31,-1.67,-1.02,-0.96,-0.90
633,2.31,3.19,2.52,3.44,-3.44,-1.64,-1.13,-0.92,-0.88
639,2.56,3.42,2.67,3.54,-3.54,-1.61,-0.97,-0.86,-0.86
646,2.74,3.59,2.78,3.59,-3.59,-1.57,-0.85,-0.81,-0.84
652,2.86,3.69,2.82,3.59,-3.59,-1.55,-0.73,-0.77,-0.83
659,2.96,3.78,2.79,3.54,-3.54,-1.52,-0.58,-0.75,-0.81
665,2.96,3.76,2.67,3.43,-3.43,-1.49,-0.47,-0.76,-0.80
672,2.96,3.75,2.48,3.26,-3.26,-1.46,-0.29,-0.77,-0.78
679,2.66,3.43,2.24,3.03,-3.03,-1.44,-0.37,-0.79,-0.77
686,2.20,2.96,1.95,2.75,-2.75,-1.41,-0.55,-0.80,-0.76
692,1.79,2.54,1.63,2.44,-2.44,-1.39,-0.64,-0.81,-0.74
699,1.33,2.06,1.28,2.10,-2.10,-1.37,-0.77,-0.81,-0.73
706,0.72,1.44,0.93,1.75,-1.75,-1.34,-1.03,-0.83,-0.71
713,0.17,0.87,0.58,1.42,-1.42,-1.32,-1.24,-0.83,-0.70
721,-0.26,0.42,0.27,1.10,-1.10,-1.30,-1.35,-0.83,-0.68
728,-0.45,0.21,-0.01,0.81,-0.81,-1.28,-1.26,-0.82,-0.66
735,-0.45,0.19,-0.23,0.56,-0.56,-1.27,-1.01,-0.79,-0.64
742,-0.45,0.17,-0.40,0.36,-0.36,-1.25,-0.81,-0.75,-0.61
750,-0.45,0.14,-0.50,0.20,-0.20,-1.24,-0.65,-0.70,-0.59
757,-0.45,0.11,-0.56,0.08,-0.08,-1.22,-0.53,-0.64,-0.56
765,-0.45,0.08,-0.59,0.00,-0.00,-1.21,-0.45,-0.59,-0.53
773,-0.45,0.05,-0.58,-0.06,0.06,-1.20,-0.39,-0.53,-0.50
780,-0.45,0.02,-0.56,-0.10,0.10,-1.19,-0.35,-0.46,-0.47
788,-0.45,-0.00,-0.54,-0.13,0.13,-1.17,-0.32,-0.41,-0.45
796,-0.45,-0.02,-0.53,-0.15,0.15,-1.16,-0.29,-0.38,-0.42
804,-0.45,-0.04,-0.55,-0.17,0.17,-1.16,-0.27,-0.37,-0.40
812,-0.66,-0.27,-0.57,-0.19,0.19,-1.15,-0.46,-0.38,-0.39
820,-0.68,-0.30,-0.60,-0.22,0.22,-1.14,-0.46,-0.38,-0.38
828,-0.68,-0.31,-0.63,-0.24,0.24,-1.13,-0.44,-0.39,-0.37
837,-0.68,-0.31,-0.66,-0.27,0.27,-1.13,-0.41,-0.39,-0.36
845,-0.68,-0.32,-0.68,-0.29,0.29,-1.12,-0.38,-0.39,-0.36
853,-0.68,-0.32,-0.69,-0.31,0.31,-1.12,-0.37,-0.38,-0.36
862,-0.68,-0.32,-0.70,-0.32,0.32,-1.11,-0.36,-0.38,-0.36
871,-0.68,-0.32,-0.70,-0.32,0.32,-1.11,-0.36,-0.38,-0.36
879,-0.68,-0.32,-0.69,-0.31,0.31,-1.11,-0.37,-0.37,-0.36
888,-0.68,-0.32,-0.66,-0.30,0.30,-1.10,-0.38,-0.36,-0.36
897,-0.68,-0.32,-0.63,-0.28,0.28,-1.10,-0.40,-0.35,-0.36
906,-0.68,-0.32,-0.60,-0.25,0.25,-1.10,-0.43,-0.35,-0.36
915,-0.52,-0.17,-0.56,-0.22,0.22,-1.10,-0.30,-0.34,-0.35
924,-0.45,-0.11,-0.52,-0.18,0.18,-1.10,-0.27,-0.34,-0.34
933,-0.45,-0.11,-0.47,-0.14,0.14,-1.09,-0.31,-0.34,-0.33
943,-0.45,-0.13,-0.41,-0.09,0.09,-1.09,-0.36,-0.32,-0.32
952,-0.39,-0.08,-0.35,-0.04,0.04,-1.09,-0.35,-0.31,-0.31
962,-0.23,0.07,-0.30,0.01,-0.01,-1.09,-0.24,-0.31,-0.30
971,-0.23,0.06,-0.23,0.07,-0.07,-1.08,-0.30,-0.30,-0.29
981,-0.23,0.05,-0.15,0.13,-0.13,-1.08,-0.36,-0.28,-0.28
991,-0.02,0.25,-0.07,0.19,-0.19,-1.08,-0.21,-0.26,-0.27
1001,0.00,0.26,0.01,0.26,-0.26,-1.08,-0.26,-0.26,-0.25
1011,0.05,0.29,0.09,0.33,-0.33,-1.07,-0.28,-0.25,-0.24
1021,0.23,0.46,0.17,0.40,-0.40,-1.07,-0.17,-0.24,-0.23
1031,0.23,0.44,0.26,0.47,-0.47,-1.07,-0.24,-0.21,-0.21
1041,0.23,0.42,0.36,0.55,-0.55,-1.06,-0.31,-0.19,-0.19
1052,0.41,0.59,0.45,0.62,-0.62,-1.06,-0.21,-0.17,-0.18
1062,0.66,0.83,0.53,0.69,-0.69,-1.06,-0.03,-0.16,-0.16
1073,0.69,0.84,0.62,0.76,-0.76,-1.05,-0.07,-0.15,-0.15
1084,0.69,0.83,0.70,0.83,-0.83,-1.05,-0.14,-0.13,-0.13
1094,0.76,0.88,0.79,0.90,-0.90,-1.04,-0.14,-0.12,-0.12
1105,0.91,1.01,0.87,0.97,-0.97,-1.04,-0.06,-0.10,-0.10
1116,0.91,0.99,0.96,1.04,-1.04,-1.04,-0.13,-0.08,-0.08
1128,1.11,1.17,1.03,1.11,-1.11,-1.03,0.00,-0.07,-0.06
1139,1.14,1.17,1.13,1.17,-1.17,-1.03,-0.03,-0.04,-0.03
1150,1.14,1.15,1.24,1.24,-1.24,-1.03,-0.09,0.00,-0.01
1162,1.21,1.19,1.33,1.30,-1.30,-1.03,-0.08,0.03,0.02
1173,1.37,1.33,1.40,1.35,-1.35,-1.03,0.02,0.05,0.05
1185,1.50,1.43,1.49,1.40,-1.40,-1.02,0.10,0.09,0.07
1197,1.60,1.50,1.58,1.46,-1.46,-1.02,0.15,0.13,0.10
1209,1.60,1.47,1.65,1.50,-1.50,-1.02,0.10,0.15,0.13
1221,1.83,1.67,1.71,1.55,-1.55,-1.02,0.28,0.16,0.16
1233,1.86,1.67,1.77,1.60,-1.60,-1.02,0.26,0.17,0.19
1246,2.05,1.84,1.81,1.65,-1.65,-1.03,0.41,0.17,0.21
1258,1.95,1.72,1.87,1.69,-1.69,-1.03,0.26,0.18,0.23
1271,1.83,1.60,1.93,1.75,-1.75,-1.03,0.09,0.19,0.24
1283,1.83,1.59,1.99,1.80,-1.80,-1.04,0.03,0.19,0.24
1296,2.03,1.80,2.04,1.87,-1.87,-1.04,0.16,0.17,0.23
1309,2.05,1.83,2.10,1.94,-1.94,-1.05,0.11,0.16,0.22
1322,2.05,1.85,2.17,2.03,-2.03,-1.06,0.03,0.14,0.20
1335,2.13,1.95,2.25,2.12,-2.12,-1.06,0.02,0.13,0.18
1349,2.28,2.12,2.32,2.22,-2.22,-1.07,0.06,0.10,0.16
1362,2.43,2.30,2.41,2.33,-2.33,-1.08,0.10,0.08,0.13
1376,2.70,2.60,2.51,2.45,-2.45,-1.10,0.25,0.06,0.11
1390,2.74,2.66,2.63,2.57,-2.57,-1.11,0.17,0.06,0.08
1404,2.74,2.68,2.74,2.69,-2.69,-1.12,0.05,0.05,0.06
1418,2.80,2.76,2.84,2.82,-2.82,-1.13,-0.02,0.03,0.04
1432,2.96,2.94,2.95,2.94,-2.94,-1.15,0.02,0.00,0.03
1446,3.09,3.07,3.07,3.07,-3.07,-1.17,0.02,-0.00,0.02
1461,3.19,3.17,3.20,3.20,-3.20,-1.18,-0.01,-0.00,0.02
1475,3.19,3.17,3.32,3.33,-3.33,-1.20,-0.13,-0.01,0.02
1490,3.42,3.40,3.43,3.45,-3.45,-1.22,-0.03,-0.02,0.03
1505,3.46,3.43,3.55,3.57,-3.57,-1.24,-0.11,-0.02,0.03
1520,3.65,3.62,3.68,3.69,-3.69,-1.26,-0.04,-0.01,0.04
1535,3.75,3.71,3.82,3.80,-3.80,-1.28,-0.05,0.01,0.04
1550,4.01,3.96,3.94,3.91,-3.91,-1.30,0.10,0.02,0.05
1566,4.10,4.05,4.05,4.02,-4.02,-1.32,0.09,0.03,0.06
1582,4.32,4.26,4.16,4.11,-4.11,-1.35,0.21,0.05,0.07
1597,4.33,4.25,4.26,4.20,-4.20,-1.37,0.14,0.07,0.08
1613,4.33,4.24,4.36,4.27,-4.27,-1.39,0.06,0.09,0.09
1629,4.41,4.30,4.45,4.34,-4.34,-1.41,0.08,0.12,0.11
1646,4.56,4.43,4.52,4.39,-4.39,-1.44,0.17,0.14,0.13
1662,4.56,4.41,4.59,4.43,-4.43,-1.46,0.14,0.17,0.15
1679,4.56,4.37,4.65,4.45,-4.45,-1.48,0.11,0.20,0.19
1696,4.56,4.33,4.70,4.45,-4.45,-1.50,0.11,0.25,0.23
1713,4.79,4.50,4.74,4.44,-4.44,-1.52,0.35,0.30,0.29
1730,4.79,4.43,4.78,4.41,-4.41,-1.54,0.39,0.37,0.36
1747,4.79,4.35,4.79,4.35,-4.35,-1.55,0.44,0.44,0.44
1764,4.79,4.26,4.81,4.28,-4.28,-1.57,0.51,0.53,0.53
1782,4.79,4.16,4.82,4.18,-4.18,-1.58,0.61,0.63,0.63
1800,4.79,4.06,4.79,4.06,-4.06,-1.59,0.73,0.73,0.73
1818,4.79,3.95,4.74,3.91,-3.91,-1.60,0.88,0.83,0.84
1836,4.76,3.81,4.67,3.72,-3.72,-1.60,1.04,0.95,0.95
1854,4.56,3.50,4.58,3.50,-3.50,-1.60,1.07,1.08,1.07
1873,4.46,3.28,4.45,3.23,-3.23,-1.60,1.23,1.22,1.18
1892,4.19,2.90,4.28,2.92,-2.92,-1.59,1.27,1.35,1.30
1911,4.10,2.69,4.08,2.58,-2.58,-1.58,1.52,1.50,1.41
1930,3.90,2.38,3.84,2.21,-2.21,-1.57,1.69,1.63,1.52
1949,3.64,2.01,3.54,1.81,-1.81,-1.55,1.84,1.73,1.63
1969,3.23,1.49,3.17,1.39,-1.39,-1.53,1.85,1.79,1.74
1988,2.89,1.05,2.76,0.95,-0.95,-1.50,1.94,1.81,1.84
2008,2.57,0.63,2.33,0.52,-0.52,-1.46,2.05,1.81,1.94
2028,2.18,0.15,1.89,0.09,-0.09,-1.43,2.09,1.80,2.03
2048,1.71,-0.42,1.46,-0.32,0.32,-1.38,2.03,1.78,2.13
2069,1.17,-1.06,1.07,-0.70,0.70,-1.34,1.87,1.76,2.23
2090,0.62,-1.71,0.73,-1.05,1.05,-1.28,1.67,1.77,2.33
2111,0.06,-2.38,0.45,-1.36,1.36,-1.22,1.42,1.81,2.44
2132,-0.25,-2.80,0.26,-1.62,1.62,-1.16,1.37,1.89,2.56
2153,-0.45,-3.12,0.15,-1.84,1.84,-1.10,1.40,2.00,2.68
2175,-0.29,-3.09,0.12,-2.02,2.02,-1.03,1.74,2.14,2.80
2196,-0.13,-3.07,0.15,-2.17,2.17,-0.95,2.04,2.32,2.94
2218,0.11,-2.98,0.24,-2.29,2.29,-0.87,2.40,2.53,3.09
2240,0.50,-2.75,0.37,-2.39,2.39,-0.79,2.89,2.76,3.25
2263,0.87,-2.55,0.53,-2.48,2.48,-0.71,3.35,3.01,3.42
2285,1.17,-2.44,0.70,-2.55,2.55,-0.62,3.73,3.26,3.61
2308,1.37,-2.43,0.87,-2.62,2.62,-0.53,4.00,3.49,3.80
2331,1.37,-2.64,1.02,-2.69,2.69,-0.43,4.06,3.71,4.01
2355,1.37,-2.85,1.15,-2.75,2.75,-0.34,4.13,3.91,4.22
2378,1.37,-3.06,1.27,-2.82,2.82,-0.24,4.19,4.09,4.44
2402,1.37,-3.28,1.39,-2.88,2.88,-0.14,4.25,4.27,4.65
2426,1.29,-3.57,1.53,-2.93,2.93,-0.03,4.22,4.46,4.86
2450,1.25,-3.81,1.69,-2.97,2.97,0.07,4.22,4.66,5.07
2475,1.44,-3.82,1.87,-2.99,2.99,0.18,4.44,4.86,5.26
2500,1.67,-3.77,2.06,-3.00,3.00,0.29,4.67,5.06,5.44
2525,2.04,-3.57,2.29,-2.99,2.99,0.40,5.03,5.27,5.61
2550,2.54,-3.23,2.54,-2.96,2.96,0.51,5.50,5.50,5.77
2575,2.95,-2.96,2.81,-2.92,2.92,0.62,5.87,5.73,5.92
2601,3.43,-2.63,3.09,-2.87,2.87,0.74,6.30,5.96,6.06
2627,3.77,-2.43,3.36,-2.82,2.82,0.85,6.59,6.18,6.20
2653,4.03,-2.32,3.63,-2.78,2.78,0.97,6.81,6.41,6.35
2680,4.10,-2.40,3.89,-2.74,2.74,1.09,6.84,6.63,6.51
2707,4.10,-2.57,4.13,-2.70,2.70,1.21,6.80,6.83,6.68
2734,4.14,-2.72,4.34,-2.67,2.67,1.34,6.82,7.02,6.86
2761,4.39,-2.67,4.54,-2.65,2.65,1.46,7.04,7.19,7.06
2789,4.56,-2.71,4.72,-2.63,2.63,1.59,7.20,7.35,7.27
2817,4.69,-2.80,4.88,-2.62,2.62,1.71,7.31,7.50,7.49
2845,4.95,-2.77,5.05,-2.61,2.61,1.84,7.56,7.67,7.72
2873,5.21,-2.73,5.24,-2.61,2.61,1.97,7.82,7.85,7.95
2902,5.48,-2.69,5.45,-2.60,2.60,2.10,8.08,8.05,8.17
2931,5.74,-2.64,5.69,-2.58,2.58,2.23,8.32,8.27,8.38
2960,6.00,-2.58,5.95,-2.55,2.55,2.37,8.55,8.50,8.58
2990,6.26,-2.50,6.20,-2.51,2.51,2.50,8.77,8.72,8.76
3020,6.38,-2.55,6.44,-2.47,2.47,2.64,8.85,8.91,8.93
3050,6.56,-2.53,6.66,-2.42,2.42,2.78,8.98,9.08,9.09
3080,6.82,-2.41,6.85,-2.38,2.38,2.92,9.20,9.23,9.23
3111,7.08,-2.28,7.04,-2.35,2.35,3.06,9.43,9.38,9.36
3142,7.30,-2.18,7.19,-2.33,2.33,3.20,9.63,9.52,9.48
3174,7.38,-2.22,7.32,-2.35,2.35,3.35,9.73,9.67,9.61
3206,7.52,-2.21,7.43,-2.38,2.38,3.50,9.91,9.81,9.73
3238,7.52,-2.33,7.52,-2.44,2.44,3.64,9.97,9.96,9.85
3270,7.52,-2.45,7.57,-2.52,2.52,3.78,10.05,10.10,9.97
3303,7.52,-2.57,7.59,-2.62,2.62,3.93,10.14,10.21,10.10
3336,7.52,-2.69,7.56,-2.72,2.72,4.07,10.24,10.29,10.22
3369,7.52,-2.81,7.51,-2.83,2.83,4.22,10.35,10.34,10.33
3403,7.52,-2.91,7.43,-2.94,2.94,4.36,10.46,10.37,10.43
3437,7.39,-3.13,7.32,-3.05,3.05,4.50,10.44,10.37,10.52
3471,7.30,-3.30,7.19,-3.16,3.16,4.64,10.46,10.35,10.60
3506,7.10,-3.56,7.05,-3.25,3.25,4.77,10.36,10.30,10.66
3541,6.84,-3.87,6.87,-3.34,3.34,4.90,10.19,10.21,10.71
3576,6.58,-4.15,6.67,-3.42,3.42,5.02,10.00,10.10,10.73
3612,6.31,-4.42,6.46,-3.49,3.49,5.14,9.80,9.95,10.73
3648,6.16,-4.54,6.24,-3.54,3.54,5.25,9.70,9.78,10.71
3685,6.16,-4.48,6.01,-3.58,3.58,5.36,9.75,9.59,10.64
3721,5.90,-4.65,5.76,-3.62,3.62,5.45,9.52,9.38,10.55
3759,5.50,-4.92,5.51,-3.67,3.67,5.54,9.17,9.18,10.42
3796,5.23,-5.01,5.28,-3.73,3.73,5.61,8.96,9.01,10.24
3834,4.97,-5.06,5.05,-3.79,3.79,5.68,8.76,8.84,10.03
3873,4.71,-5.07,4.83,-3.86,3.86,5.73,8.57,8.68,9.78
3911,4.56,-4.94,4.60,-3.91,3.91,5.77,8.47,8.51,9.50
3950,4.42,-4.75,4.36,-3.94,3.94,5.79,8.36,8.30,9.17
3990,4.15,-4.67,4.13,-3.96,3.96,5.81,8.11,8.09,8.82
4030,3.89,-4.55,3.90,-3.96,3.96,5.81,7.85,7.86,8.45
4070,3.65,-4.41,3.69,-3.94,3.94,5.79,7.59,7.62,8.06
4111,3.59,-4.07,3.49,-3.90,3.90,5.76,7.49,7.39,7.66
4152,3.33,-3.95,3.31,-3.84,3.84,5.72,7.17,7.15,7.28
4193,3.07,-3.84,3.12,-3.78,3.78,5.67,6.85,6.90,6.91
4235,2.81,-3.75,2.93,-3.71,3.71,5.60,6.52,6.64,6.56
4278,2.54,-3.69,2.73,-3.64,3.64,5.52,6.18,6.37,6.23
4321,2.51,-3.43,2.51,-3.57,3.57,5.44,6.08,6.09,5.94
4364,2.47,-3.20,2.30,-3.52,3.52,5.34,5.99,5.81,5.68
4407,2.22,-3.22,2.08,-3.48,3.48,5.23,5.70,5.57,5.44
4451,1.96,-3.28,1.87,-3.47,3.47,5.12,5.43,5.34,5.24
4496,1.69,-3.38,1.65,-3.49,3.49,5.00,5.18,5.14,5.07
4541,1.43,-3.49,1.41,-3.55,3.55,4.87,4.98,4.96,4.93
4586,1.17,-3.63,1.17,-3.67,3.67,4.74,4.84,4.84,4.81
4632,0.91,-3.80,0.95,-3.82,3.82,4.61,4.73,4.77,4.71
4679,0.64,-4.00,0.73,-3.98,3.98,4.47,4.63,4.71,4.64
4725,0.38,-4.20,0.50,-4.16,4.16,4.33,4.54,4.66,4.59
4773,0.23,-4.32,0.27,-4.34,4.34,4.18,4.57,4.61,4.56
4820,0.09,-4.45,0.05,-4.51,4.51,4.04,4.60,4.57,4.54
4868,-0.17,-4.72,-0.15,-4.67,4.67,3.89,4.50,4.52,4.55
4917,-0.44,-5.01,-0.37,-4.81,4.81,3.75,4.38,4.45,4.57
4966,-0.68,-5.28,-0.57,-4.93,4.93,3.60,4.26,4.36,4.60
5016,-0.68,-5.32,-0.79,-5.03,5.03,3.45,4.35,4.24,4.64
5066,-0.77,-5.46,-1.02,-5.11,5.11,3.31,4.34,4.09,4.69
5117,-1.09,-5.83,-1.24,-5.17,5.17,3.16,4.08,3.93,4.74
5168,-1.33,-6.12,-1.46,-5.21,5.21,3.02,3.88,3.75,4.80
5220,-1.56,-6.41,-1.66,-5.23,5.23,2.88,3.68,3.57,4.86
5272,-1.93,-6.85,-1.85,-5.25,5.25,2.74,3.32,3.40,4.92
5325,-2.08,-7.06,-2.02,-5.27,5.27,2.60,3.19,3.24,4.98
5378,-2.28,-7.32,-2.16,-5.28,5.28,2.46,3.00,3.12,5.04
5432,-2.38,-7.48,-2.28,-5.33,5.33,2.32,2.95,3.05,5.10
5486,-2.51,-7.66,-2.35,-5.40,5.40,2.19,2.90,3.05,5.15
5541,-2.51,-7.70,-2.39,-5.50,5.50,2.06,2.99,3.11,5.19
5596,-2.31,-7.53,-2.35,-5.60,5.60,1.93,3.29,3.25,5.22
5652,-2.27,-7.50,-2.25,-5.68,5.68,1.80,3.41,3.44,5.23
5709,-2.05,-7.28,-2.09,-5.73,5.73,1.67,3.68,3.65,5.23
5766,-1.97,-7.18,-1.85,-5.74,5.74,1.54,3.77,3.89,5.21
5823,-1.77,-6.95,-1.57,-5.69,5.69,1.41,3.92,4.12,5.18
5882,-1.42,-6.55,-1.27,-5.59,5.59,1.29,4.17,4.32,5.13
5940,-1.08,-6.15,-0.94,-5.42,5.42,1.17,4.35,4.48,5.07
6000,-0.60,-5.58,-0.61,-5.20,5.20,1.04,4.60,4.59,4.98
6060,-0.31,-5.19,-0.27,-4.93,4.93,0.92,4.62,4.66,4.88
6120,0.16,-4.59,0.07,-4.61,4.61,0.80,4.78,4.68,4.76
6182,0.47,-4.14,0.38,-4.27,4.27,0.68,4.74,4.64,4.62
6244,0.81,-3.65,0.66,-3.90,3.90,0.56,4.72,4.56,4.46
6306,1.07,-3.21,0.88,-3.54,3.54,0.44,4.61,4.43,4.29
6369,0.95,-3.14,1.05,-3.23,3.23,0.33,4.19,4.28,4.09
6433,1.14,-2.75,1.13,-2.99,2.99,0.21,4.13,4.12,3.89
6497,1.14,-2.53,1.12,-2.82,2.82,0.10,3.96,3.94,3.67
6562,1.14,-2.29,1.02,-2.71,2.71,-0.02,3.85,3.73,3.43
6628,1.04,-2.15,0.83,-2.68,2.68,-0.13,3.72,3.50,3.19
6694,0.78,-2.16,0.55,-2.67,2.67,-0.24,3.46,3.22,2.94
6761,0.36,-2.34,0.19,-2.69,2.69,-0.35,3.05,2.88,2.70
6828,-0.16,-2.61,-0.24,-2.70,2.70,-0.46,2.55,2.47,2.46
6897,-0.69,-2.91,-0.73,-2.71,2.64,-0.57,1.95,1.90,2.23
6966,-1.22,-3.23,-1.28,-2.68,2.47,-0.67,1.25,1.19,2.01
7035,-1.77,-3.58,-1.86,-2.62,2.21,-0.77,0.44,0.35,1.81
7106,-2.43,-4.06,-2.47,-2.52,1.90,-0.88,-0.53,-0.57,1.64
7177,-3.08,-4.55,-3.07,-2.36,1.61,-0.97,-1.47,-1.46,1.48
7249,-3.65,-4.98,-3.65,-2.15,1.33,-1.06,-2.32,-2.33,1.33
7321,-4.17,-5.37,-4.17,-1.89,1.06,-1.15,-3.10,-3.11,1.20
7394,-4.58,-5.65,-4.60,-1.58,0.84,-1.24,-3.73,-3.76,1.07
7468,-5.08,-6.01,-4.92,-1.24,0.66,-1.32,-4.42,-4.25,0.94
7543,-5.40,-6.18,-5.10,-0.87,0.49,-1.39,-4.91,-4.61,0.78
7618,-5.47,-6.07,-5.15,-0.53,0.32,-1.46,-5.15,-4.84,0.60
7694,-5.32,-5.71,-5.08,-0.23,0.15,-1.52,-5.17,-4.93,0.39
7771,-5.15,-5.29,-4.86,0.02,-0.04,-1.57,-5.19,-4.90,0.15
7849,-4.80,-4.66,-4.51,0.28,-0.28,-1.62,-5.07,-4.78,-0.13
7928,-4.25,-3.80,-4.02,0.56,-0.56,-1.66,-4.81,-4.57,-0.44
8007,-3.47,-2.70,-3.41,0.88,-0.88,-1.70,-4.35,-4.29,-0.77
8087,-2.64,-1.53,-2.69,1.26,-1.26,-1.72,-3.90,-3.95,-1.10
8168,-1.72,-0.29,-1.90,1.71,-1.71,-1.74,-3.43,-3.61,-1.43
8250,-0.88,0.85,-1.04,2.23,-2.23,-1.75,-3.11,-3.27,-1.73
8332,-0.10,1.90,-0.18,2.83,-2.83,-1.75,-2.93,-3.00,-2.00
8415,0.68,2.89,0.70,3.49,-3.49,-1.75,-2.80,-2.79,-2.21
8499,1.71,4.07,1.57,4.19,-4.19,-1.74,-2.48,-2.62,-2.36
8584,2.63,5.07,2.48,4.93,-4.93,-1.72,-2.30,-2.46,-2.44
8670,3.55,6.00,3.42,5.68,-5.68,-1.70,-2.12,-2.26,-2.45
8757,4.26,6.63,4.35,6.39,-6.39,-1.67,-2.13,-2.04,-2.37
8845,4.96,7.19,5.25,7.05,-7.05,-1.64,-2.09,-1.80,-2.23
8933,5.54,7.56,6.10,7.63,-7.63,-1.60,-2.09,-1.53,-2.01
9022,6.29,8.04,6.83,8.09,-8.09,-1.56,-1.80,-1.26,-1.75
9113,6.91,8.35,7.41,8.41,-8.41,-1.52,-1.50,-1.00,-1.44
9204,7.84,8.95,7.80,8.56,-8.56,-1.47,-0.71,-0.76,-1.11
9296,8.55,9.32,7.98,8.50,-8.50,-1.43,0.05,-0.52,-0.77
9389,9.19,9.63,7.96,8.26,-8.26,-1.38,0.93,-0.30,-0.43
9483,9.26,9.39,7.78,7.86,-7.86,-1.33,1.40,-0.07,-0.12
9577,8.48,8.34,7.46,7.33,-7.33,-1.28,1.15,0.13,0.14
9673,7.65,7.30,6.99,6.71,-6.71,-1.23,0.94,0.28,0.36
9770,6.33,5.83,6.40,6.03,-6.03,-1.18,0.30,0.37,0.50
9868,5.06,4.49,5.67,5.31,-5.31,-1.13,-0.24,0.37,0.57
9966,3.89,3.34,4.83,4.57,-4.57,-1.08,-0.68,0.26,0.55
10066,3.03,2.57,3.92,3.86,-3.86,-1.04,-0.83,0.06,0.46
10167,2.37,2.08,2.96,3.19,-3.19,-0.99,-0.81,-0.23,0.29
10268,2.06,1.99,2.05,2.58,-2.58,-0.95,-0.51,-0.52,0.07
10371,1.53,1.72,1.24,2.03,-2.03,-0.90,-0.50,-0.78,-0.18
10475,0.97,1.42,0.60,1.54,-1.54,-0.86,-0.57,-0.94,-0.45
10579,0.32,1.02,0.12,1.11,-1.11,-0.82,-0.79,-0.99,-0.70
10685,-0.27,0.62,-0.22,0.77,-0.77,-0.78,-1.04,-0.99,-0.89
10792,-0.79,0.21,-0.42,0.52,-0.52,-0.74,-1.31,-0.94,-1.00
10900,-1.11,-0.10,-0.49,0.38,-0.38,-0.70,-1.49,-0.87,-1.01
11009,-1.13,-0.23,-0.48,0.31,-0.27,-0.67,-1.40,-0.75,-0.90
11119,-0.94,-0.28,-0.40,0.18,-0.18,-0.64,-1.12,-0.58,-0.66
11230,-0.49,-0.19,-0.26,-0.05,-0.11,-0.61,-0.60,-0.37,-0.29
11343,-0.17,-0.36,-0.07,-0.38,-0.05,-0.57,-0.22,-0.12,0.19
11456,0.15,-0.61,0.24,-0.81,-0.02,-0.55,0.14,0.23,0.77
11571,0.41,-1.00,0.70,-1.33,0.00,-0.52,0.41,0.70,1.41
11686,0.67,-1.42,1.20,-1.92,0.00,-0.49,0.67,1.20,2.10
11803,0.91,-1.86,1.44,-2.58,0.00,-0.47,0.91,1.44,2.77
11921,0.83,-2.58,0.98,-3.30,0.00,-0.44,0.83,0.98,3.41
12040,0.44,-3.53,-0.19,-4.08,0.00,-0.42,0.44,-0.19,3.97
12161,-0.07,-4.49,-1.83,-4.89,0.00,-0.40,-0.07,-1.83,4.42
12282,-0.80,-5.53,-3.66,-5.73,0.00,-0.38,-0.80,-3.66,4.74
12405,-1.87,-6.76,-5.58,-6.58,0.00,-0.36,-1.87,-5.58,4.89
12529,-3.27,-8.15,-7.46,-7.43,0.00,-0.34,-3.27,-7.46,4.88
12655,-6.38,-11.06,-9.28,-8.24,0.00,-0.33,-6.38,-9.28,4.69
12781,-11.78,-16.09,-11.01,-9.07,0.00,-0.31,-11.78,-11.01,4.32
12909,-18.50,-22.27,-12.60,-9.87,0.00,-0.30,-18.50,-12.60,3.78
13038,-22.88,-25.96,-14.02,-10.51,0.00,-0.28,-22.88,-14.02,3.08
13168,-21.40,-23.65,-15.24,-10.96,0.00,-0.27,-21.40,-15.24,2.25
13300,-17.52,-18.83,-16.24,-11.24,0.00,-0.26,-17.52,-16.24,1.31
13433,-14.91,-15.20,-17.02,-11.42,0.00,-0.25,-14.91,-17.02,0.29
13567,-14.22,-13.44,-17.54,-11.59,0.00,-0.24,-14.22,-17.54,-0.78
13703,-14.31,-12.45,-17.75,-11.69,0.00,-0.23,-14.31,-17.75,-1.86
13840,-14.97,-12.05,-17.66,-11.73,0.00,-0.22,-14.97,-17.66,-2.92
13978,-15.69,-11.78,-17.25,-11.73,0.00,-0.21,-15.69,-17.25,-3.91
14118,-16.39,-11.58,-16.69,-11.70,0.00,-0.20,-16.39,-16.69,-4.81
14259,-17.15,-11.56,-16.27,-11.67,0.00,-0.20,-17.15,-16.27,-5.58
14402,-17.80,-11.60,-16.32,-11.66,0.00,-0.19,-17.80,-16.32,-6.19
14546,-18.19,-11.57,-16.87,-11.70,0.00,-0.18,-18.19,-16.87,-6.62
14692,-18.46,-11.60,-17.58,-11.80,0.00,-0.18,-18.46,-17.58,-6.86
14838,-18.34,-11.42,-18.20,-12.00,0.00,-0.18,-18.34,-18.20,-6.92
14987,-18.23,-11.42,-18.70,-12.29,0.00,-0.17,-18.23,-18.70,-6.81
15137,-18.23,-11.66,-19.12,-12.67,0.00,-0.17,-18.23,-19.12,-6.57
15288,-18.45,-12.20,-19.50,-13.13,0.00,-0.16,-18.45,-19.50,-6.25
15441,-19.11,-13.23,-19.86,-13.68,0.00,-0.16,-19.11,-19.86,-5.87
15595,-19.95,-14.46,-20.18,-14.31,0.00,-0.16,-19.95,-20.18,-5.49
15751,-20.86,-15.72,-20.50,-14.92,0.00,-0.15,-20.86,-20.50,-5.14
15909,-21.45,-16.61,-20.80,-15.44,0.00,-0.15,-21.45,-20.80,-4.83
16068,-21.81,-17.21,-21.08,-15.87,0.00,-0.15,-21.81,-21.08,-4.60
16229,-22.08,-17.64,-21.31,-16.23,0.00,-0.14,-22.08,-21.31,-4.44
16391,-21.88,-17.53,-21.50,-16.53,0.00,-0.13,-21.88,-21.50,-4.35
16555,-21.88,-17.54,-21.61,-16.78,0.00,-0.13,-21.88,-21.61,-4.34
16720,-21.81,-17.43,-21.66,-16.98,0.00,-0.12,-21.81,-21.66,-4.38
16888,-21.54,-17.07,-21.68,-17.12,0.00,-0.11,-21.54,-21.68,-4.46
17056,-21.56,-16.99,-21.74,-17.22,0.00,-0.10,-21.56,-21.74,-4.57
17227,-21.65,-16.96,-21.89,-17.29,0.00,-0.09,-21.65,-21.89,-4.68
17399,-21.44,-16.65,-22.13,-17.34,0.00,-0.08,-21.44,-22.13,-4.79
17573,-21.44,-16.57,-22.46,-17.40,0.00,-0.07,-21.44,-22.46,-4.87
17749,-21.77,-16.84,-22.87,-17.47,0.00,-0.07,-21.77,-22.87,-4.93
17926,-22.38,-17.42,-23.30,-17.54,0.00,-0.06,-22.38,-23.30,-4.96
18106,-23.08,-18.10,-23.70,-17.59,0.00,-0.05,-23.08,-23.70,-4.98
18287,-24.07,-19.03,-23.69,-17.53,0.00,-0.05,-24.07,-23.69,-5.04
18470,-25.03,-19.92,-23.61,-17.43,0.00,-0.04,-25.03,-23.61,-5.11
18654,-25.83,-20.66,-23.46,-17.30,0.00,-0.03,-25.83,-23.46,-5.17
18841,-25.47,-20.23,-23.24,-17.14,0.00,-0.03,-25.47,-23.24,-5.24
19029,-24.75,-19.44,-22.95,-16.94,0.00,-0.03,-24.75,-22.95,-5.31
19220,-23.83,-18.45,-22.60,-16.71,0.00,-0.02,-23.83,-22.60,-5.38
19412,-22.79,-17.33,-22.18,-16.44,0.00,-0.02,-22.79,-22.18,-5.46
19606,-21.29,-15.76,-21.69,-16.14,0.00,-0.02,-21.29,-21.69,-5.53
19802,-19.69,-14.08,-21.13,-15.80,0.00,-0.01,-19.69,-21.13,-5.61
20000,-18.35,-12.66,-20.50,-15.44,0.00,-0.01,-18.35,-20.50,-5.69
