frequency,raw,error,smoothed,error_smoothed,equalization,parametric_eq,fixed_band_eq,equalized_raw,equalized_smoothed,target
20.00,0.21,0.63,0.21,0.63,-0.55,-0.82,-0.88,-0.34,-0.34,-0.42
20.20,0.26,0.63,0.26,0.63,-0.60,-0.84,-0.90,-0.35,-0.35,-0.37
20.40,0.32,0.64,0.31,0.64,-0.66,-0.86,-0.93,-0.34,-0.35,-0.32
20.61,0.38,0.67,0.37,0.66,-0.71,-0.88,-0.95,-0.34,-0.34,-0.30
20.81,0.44,0.68,0.43,0.68,-0.76,-0.90,-0.98,-0.32,-0.33,-0.25
21.02,0.50,0.70,0.51,0.72,-0.81,-0.93,-1.00,-0.31,-0.29,-0.21
21.23,0.61,0.79,0.60,0.79,-0.85,-0.95,-1.03,-0.24,-0.25,-0.19
21.44,0.72,0.88,0.71,0.88,-0.89,-0.97,-1.06,-0.17,-0.17,-0.17
21.66,0.81,0.96,0.83,0.98,-0.94,-1.00,-1.09,-0.13,-0.11,-0.15
21.87,0.94,1.07,0.92,1.05,-0.99,-1.02,-1.12,-0.05,-0.07,-0.14
22.09,0.99,1.10,0.97,1.09,-1.02,-1.04,-1.15,-0.04,-0.06,-0.12
22.31,0.97,1.07,0.97,1.08,-1.05,-1.07,-1.18,-0.08,-0.07,-0.11
22.54,0.94,1.04,0.94,1.05,-1.05,-1.09,-1.21,-0.12,-0.11,-0.11
22.76,0.92,1.02,0.91,1.02,-1.05,-1.12,-1.25,-0.13,-0.14,-0.11
22.99,0.89,1.00,0.90,1.02,-1.04,-1.15,-1.28,-0.15,-0.14,-0.12
23.22,0.91,1.02,0.91,1.02,-1.03,-1.17,-1.32,-0.13,-0.13,-0.12
23.45,0.93,1.05,0.92,1.04,-1.04,-1.20,-1.35,-0.12,-0.13,-0.12
23.69,0.96,1.07,0.94,1.06,-1.07,-1.23,-1.39,-0.12,-0.13,-0.11
23.92,0.97,1.08,0.99,1.09,-1.12,-1.26,-1.43,-0.16,-0.14,-0.11
24.16,1.05,1.15,1.05,1.15,-1.19,-1.29,-1.46,-0.14,-0.14,-0.10
24.40,1.15,1.24,1.14,1.24,-1.26,-1.32,-1.50,-0.11,-0.11,-0.09
24.65,1.25,1.35,1.25,1.35,-1.33,-1.35,-1.54,-0.08,-0.08,-0.10
24.89,1.36,1.46,1.34,1.44,-1.40,-1.38,-1.58,-0.05,-0.06,-0.10
25.14,1.42,1.52,1.41,1.51,-1.47,-1.41,-1.62,-0.06,-0.06,-0.10
25.39,1.46,1.55,1.46,1.56,-1.54,-1.44,-1.66,-0.09,-0.08,-0.09
25.65,1.50,1.59,1.49,1.59,-1.60,-1.48,-1.70,-0.11,-0.11,-0.09
25.91,1.53,1.63,1.53,1.63,-1.65,-1.51,-1.74,-0.13,-0.12,-0.10
26.16,1.57,1.67,1.57,1.67,-1.69,-1.54,-1.79,-0.12,-0.12,-0.10
26.43,1.61,1.71,1.61,1.72,-1.71,-1.58,-1.83,-0.10,-0.10,-0.10
26.69,1.65,1.75,1.65,1.75,-1.72,-1.62,-1.87,-0.07,-0.07,-0.11
26.96,1.69,1.78,1.67,1.77,-1.73,-1.65,-1.91,-0.05,-0.06,-0.10
27.23,1.68,1.77,1.68,1.77,-1.75,-1.69,-1.95,-0.07,-0.07,-0.10
27.50,1.67,1.76,1.66,1.76,-1.77,-1.73,-1.99,-0.10,-0.11,-0.10
27.77,1.65,1.75,1.65,1.75,-1.80,-1.77,-2.03,-0.15,-0.15,-0.11
28.05,1.65,1.76,1.67,1.78,-1.84,-1.81,-2.07,-0.19,-0.16,-0.11
28.33,1.74,1.86,1.73,1.85,-1.89,-1.85,-2.10,-0.15,-0.16,-0.12
28.62,1.82,1.95,1.82,1.94,-1.95,-1.89,-2.14,-0.13,-0.13,-0.12
28.90,1.92,2.03,1.92,2.04,-2.03,-1.93,-2.17,-0.11,-0.11,-0.11
29.19,2.02,2.14,2.01,2.13,-2.12,-1.98,-2.21,-0.10,-0.10,-0.12
29.48,2.11,2.21,2.11,2.22,-2.21,-2.02,-2.24,-0.10,-0.10,-0.10
29.78,2.19,2.30,2.19,2.30,-2.29,-2.07,-2.27,-0.11,-0.10,-0.11
30.08,2.26,2.37,2.26,2.37,-2.36,-2.11,-2.30,-0.09,-0.10,-0.11
30.38,2.31,2.42,2.31,2.43,-2.40,-2.16,-2.33,-0.10,-0.09,-0.12
30.68,2.35,2.46,2.35,2.47,-2.43,-2.21,-2.35,-0.08,-0.08,-0.12
30.99,2.38,2.49,2.36,2.48,-2.44,-2.26,-2.38,-0.07,-0.08,-0.12
31.30,2.35,2.47,2.34,2.46,-2.45,-2.31,-2.40,-0.10,-0.11,-0.12
31.61,2.31,2.43,2.31,2.43,-2.44,-2.36,-2.42,-0.14,-0.14,-0.12
31.93,2.27,2.39,2.28,2.40,-2.43,-2.41,-2.44,-0.17,-0.16,-0.12
32.24,2.27,2.40,2.27,2.40,-2.43,-2.46,-2.46,-0.16,-0.15,-0.13
32.57,2.30,2.42,2.29,2.42,-2.42,-2.51,-2.47,-0.13,-0.14,-0.13
32.89,2.32,2.44,2.31,2.44,-2.44,-2.57,-2.48,-0.12,-0.13,-0.13
33.22,2.34,2.47,2.33,2.47,-2.47,-2.62,-2.50,-0.14,-0.14,-0.14
33.55,2.36,2.50,2.35,2.49,-2.52,-2.67,-2.51,-0.17,-0.17,-0.14
33.89,2.38,2.53,2.39,2.54,-2.58,-2.72,-2.52,-0.20,-0.18,-0.15
34.23,2.46,2.60,2.47,2.62,-2.63,-2.77,-2.52,-0.18,-0.16,-0.14
34.57,2.57,2.72,2.57,2.72,-2.69,-2.83,-2.53,-0.12,-0.12,-0.15
34.92,2.68,2.83,2.65,2.80,-2.74,-2.88,-2.54,-0.07,-0.09,-0.16
35.27,2.70,2.85,2.68,2.84,-2.80,-2.92,-2.55,-0.10,-0.12,-0.16
35.62,2.68,2.84,2.68,2.84,-2.85,-2.97,-2.55,-0.18,-0.17,-0.16
35.97,2.66,2.82,2.69,2.85,-2.89,-3.02,-2.56,-0.24,-0.20,-0.16
36.33,2.74,2.89,2.74,2.91,-2.92,-3.06,-2.57,-0.19,-0.18,-0.16
36.70,2.83,2.99,2.81,2.98,-2.96,-3.10,-2.57,-0.13,-0.14,-0.17
37.06,2.90,3.07,2.86,3.03,-2.99,-3.14,-2.58,-0.10,-0.13,-0.17
37.43,2.88,3.03,2.87,3.03,-3.04,-3.18,-2.59,-0.16,-0.17,-0.15
37.81,2.86,3.01,2.88,3.04,-3.09,-3.21,-2.60,-0.23,-0.21,-0.15
38.19,2.91,3.06,2.94,3.09,-3.14,-3.24,-2.61,-0.23,-0.20,-0.16
38.57,3.04,3.19,3.03,3.18,-3.18,-3.27,-2.62,-0.15,-0.15,-0.15
38.95,3.17,3.31,3.12,3.27,-3.22,-3.30,-2.63,-0.06,-0.10,-0.14
39.34,3.18,3.32,3.18,3.32,-3.26,-3.32,-2.64,-0.09,-0.09,-0.15
39.74,3.18,3.33,3.19,3.33,-3.30,-3.34,-2.65,-0.13,-0.11,-0.15
40.14,3.19,3.33,3.19,3.34,-3.35,-3.36,-2.67,-0.17,-0.16,-0.14
40.54,3.22,3.36,3.21,3.36,-3.40,-3.38,-2.69,-0.19,-0.19,-0.15
40.94,3.25,3.40,3.25,3.40,-3.45,-3.39,-2.71,-0.20,-0.20,-0.15
41.35,3.31,3.46,3.30,3.46,-3.49,-3.41,-2.73,-0.18,-0.19,-0.15
41.76,3.37,3.52,3.37,3.52,-3.53,-3.42,-2.75,-0.17,-0.17,-0.16
42.18,3.43,3.58,3.44,3.60,-3.58,-3.43,-2.78,-0.15,-0.13,-0.15
42.60,3.50,3.66,3.50,3.66,-3.62,-3.44,-2.80,-0.12,-0.12,-0.16
43.03,3.55,3.71,3.51,3.68,-3.64,-3.45,-2.83,-0.10,-0.13,-0.17
43.46,3.49,3.66,3.49,3.67,-3.65,-3.46,-2.86,-0.16,-0.16,-0.17
43.90,3.42,3.61,3.45,3.64,-3.64,-3.47,-2.90,-0.22,-0.19,-0.20
44.33,3.40,3.61,3.41,3.62,-3.61,-3.47,-2.93,-0.22,-0.21,-0.21
44.78,3.39,3.61,3.36,3.59,-3.57,-3.48,-2.97,-0.18,-0.21,-0.23
45.23,3.32,3.55,3.29,3.53,-3.52,-3.49,-3.01,-0.20,-0.23,-0.23
45.68,3.19,3.43,3.20,3.45,-3.46,-3.49,-3.05,-0.28,-0.26,-0.25
46.13,3.10,3.36,3.14,3.40,-3.42,-3.50,-3.09,-0.33,-0.28,-0.26
46.60,3.12,3.37,3.11,3.38,-3.39,-3.50,-3.14,-0.28,-0.29,-0.26
47.06,3.13,3.40,3.07,3.34,-3.37,-3.51,-3.19,-0.25,-0.30,-0.27
47.53,3.05,3.33,3.04,3.32,-3.36,-3.51,-3.24,-0.31,-0.32,-0.28
48.01,2.97,3.24,3.05,3.34,-3.34,-3.51,-3.29,-0.38,-0.29,-0.28
48.49,3.08,3.37,3.08,3.38,-3.33,-3.52,-3.34,-0.26,-0.25,-0.29
48.97,3.20,3.51,3.09,3.40,-3.33,-3.52,-3.40,-0.14,-0.24,-0.31
49.46,3.07,3.39,3.06,3.39,-3.34,-3.52,-3.45,-0.27,-0.27,-0.33
49.96,2.93,3.27,3.00,3.34,-3.35,-3.52,-3.51,-0.43,-0.35,-0.34
50.46,2.97,3.31,2.96,3.31,-3.39,-3.53,-3.57,-0.42,-0.43,-0.34
50.96,3.02,3.37,2.98,3.34,-3.43,-3.53,-3.63,-0.41,-0.45,-0.35
51.47,3.05,3.41,3.04,3.41,-3.47,-3.53,-3.69,-0.42,-0.43,-0.37
51.99,3.08,3.45,3.13,3.50,-3.50,-3.53,-3.76,-0.42,-0.37,-0.38
52.51,3.21,3.58,3.21,3.59,-3.52,-3.53,-3.82,-0.32,-0.31,-0.38
53.03,3.35,3.72,3.27,3.65,-3.55,-3.54,-3.89,-0.20,-0.28,-0.38
53.56,3.27,3.65,3.27,3.66,-3.57,-3.54,-3.95,-0.30,-0.29,-0.38
54.10,3.19,3.58,3.20,3.59,-3.57,-3.55,-4.02,-0.38,-0.37,-0.39
54.64,3.11,3.51,3.11,3.51,-3.56,-3.56,-4.08,-0.45,-0.44,-0.40
55.18,3.06,3.46,3.07,3.48,-3.53,-3.57,-4.15,-0.48,-0.46,-0.40
55.74,3.07,3.48,3.07,3.48,-3.51,-3.59,-4.21,-0.44,-0.44,-0.42
56.29,3.09,3.50,3.09,3.51,-3.51,-3.61,-4.27,-0.42,-0.42,-0.42
56.86,3.12,3.54,3.09,3.52,-3.53,-3.63,-4.33,-0.41,-0.44,-0.43
57.42,3.12,3.57,3.11,3.55,-3.58,-3.67,-4.39,-0.46,-0.47,-0.45
58.00,3.11,3.56,3.15,3.61,-3.65,-3.70,-4.45,-0.55,-0.50,-0.45
58.58,3.25,3.70,3.25,3.71,-3.74,-3.75,-4.51,-0.50,-0.49,-0.46
59.16,3.39,3.86,3.38,3.85,-3.83,-3.80,-4.56,-0.45,-0.46,-0.47
59.76,3.52,4.00,3.49,3.98,-3.93,-3.85,-4.62,-0.42,-0.44,-0.48
60.35,3.57,4.08,3.55,4.06,-4.02,-3.91,-4.66,-0.46,-0.47,-0.52
60.96,3.56,4.10,3.58,4.12,-4.11,-3.98,-4.71,-0.55,-0.53,-0.54
61.57,3.60,4.17,3.60,4.18,-4.18,-4.05,-4.76,-0.59,-0.58,-0.58
62.18,3.64,4.25,3.63,4.24,-4.24,-4.13,-4.80,-0.60,-0.60,-0.61
62.80,3.67,4.31,3.65,4.30,-4.27,-4.21,-4.83,-0.61,-0.62,-0.65
63.43,3.65,4.33,3.64,4.32,-4.30,-4.29,-4.87,-0.65,-0.66,-0.68
64.07,3.60,4.32,3.60,4.32,-4.32,-4.38,-4.90,-0.73,-0.72,-0.72
64.71,3.57,4.32,3.57,4.33,-4.35,-4.46,-4.93,-0.78,-0.78,-0.76
65.35,3.56,4.34,3.56,4.35,-4.38,-4.55,-4.96,-0.82,-0.82,-0.79
66.01,3.58,4.40,3.58,4.40,-4.41,-4.64,-4.99,-0.84,-0.84,-0.82
66.67,3.61,4.47,3.60,4.46,-4.46,-4.72,-5.01,-0.86,-0.87,-0.86
67.33,3.63,4.53,3.62,4.52,-4.53,-4.81,-5.03,-0.90,-0.91,-0.90
68.01,3.64,4.57,3.65,4.58,-4.60,-4.90,-5.05,-0.97,-0.96,-0.93
68.69,3.69,4.66,3.69,4.67,-4.69,-4.98,-5.07,-1.00,-1.00,-0.97
69.37,3.76,4.77,3.76,4.78,-4.78,-5.07,-5.09,-1.02,-1.01,-1.02
70.07,3.85,4.90,3.84,4.89,-4.86,-5.15,-5.11,-1.02,-1.02,-1.06
70.77,3.92,5.01,3.91,5.00,-4.95,-5.24,-5.13,-1.04,-1.05,-1.09
71.48,3.95,5.08,3.94,5.07,-5.05,-5.32,-5.14,-1.10,-1.11,-1.13
72.19,3.96,5.14,3.95,5.13,-5.15,-5.40,-5.16,-1.19,-1.19,-1.19
72.91,3.95,5.18,3.98,5.21,-5.25,-5.48,-5.18,-1.30,-1.27,-1.23
73.64,4.04,5.31,4.03,5.31,-5.35,-5.56,-5.20,-1.31,-1.32,-1.28
74.38,4.12,5.44,4.12,5.44,-5.45,-5.63,-5.22,-1.33,-1.33,-1.32
75.12,4.21,5.57,4.21,5.58,-5.56,-5.71,-5.25,-1.35,-1.35,-1.37
75.87,4.31,5.72,4.28,5.69,-5.67,-5.78,-5.27,-1.36,-1.39,-1.41
76.63,4.33,5.78,4.33,5.79,-5.78,-5.85,-5.30,-1.45,-1.44,-1.45
77.40,4.38,5.86,4.40,5.89,-5.89,-5.93,-5.33,-1.51,-1.49,-1.49
78.17,4.47,6.00,4.46,5.99,-6.00,-6.00,-5.36,-1.53,-1.53,-1.54
78.95,4.57,6.12,4.53,6.09,-6.09,-6.07,-5.40,-1.52,-1.56,-1.56
79.74,4.57,6.16,4.59,6.19,-6.17,-6.14,-5.44,-1.61,-1.58,-1.60
80.54,4.63,6.25,4.64,6.26,-6.26,-6.21,-5.48,-1.63,-1.62,-1.63
81.35,4.70,6.36,4.68,6.34,-6.34,-6.27,-5.53,-1.65,-1.67,-1.67
82.16,4.72,6.41,4.72,6.42,-6.43,-6.34,-5.58,-1.71,-1.70,-1.70
82.98,4.76,6.48,4.75,6.48,-6.50,-6.41,-5.63,-1.74,-1.74,-1.72
83.81,4.79,6.55,4.79,6.55,-6.56,-6.47,-5.69,-1.77,-1.76,-1.76
84.65,4.84,6.63,4.85,6.64,-6.61,-6.54,-5.75,-1.77,-1.76,-1.79
85.50,4.91,6.72,4.90,6.72,-6.67,-6.60,-5.82,-1.76,-1.77,-1.82
86.35,4.95,6.80,4.92,6.78,-6.73,-6.66,-5.89,-1.79,-1.81,-1.85
87.22,4.92,6.80,4.90,6.79,-6.81,-6.73,-5.96,-1.89,-1.91,-1.89
88.09,4.88,6.80,4.87,6.79,-6.89,-6.79,-6.04,-2.01,-2.01,-1.92
88.97,4.86,6.81,4.92,6.88,-6.97,-6.85,-6.13,-2.11,-2.04,-1.96
89.86,5.02,7.01,5.06,7.05,-7.05,-6.91,-6.21,-2.04,-1.99,-1.99
90.76,5.28,7.30,5.18,7.21,-7.14,-6.97,-6.31,-1.87,-1.96,-2.03
91.66,5.31,7.36,5.25,7.31,-7.25,-7.03,-6.40,-1.94,-2.00,-2.05
92.58,5.21,7.31,5.27,7.37,-7.35,-7.09,-6.50,-2.15,-2.08,-2.10
93.51,5.25,7.37,5.30,7.43,-7.46,-7.15,-6.61,-2.21,-2.16,-2.13
94.44,5.42,7.57,5.38,7.54,-7.56,-7.21,-6.72,-2.15,-2.18,-2.16
95.39,5.52,7.70,5.48,7.67,-7.65,-7.26,-6.83,-2.14,-2.17,-2.18
96.34,5.55,7.77,5.55,7.77,-7.74,-7.32,-6.95,-2.20,-2.19,-2.22
97.30,5.57,7.82,5.59,7.84,-7.84,-7.38,-7.07,-2.27,-2.25,-2.25
98.28,5.64,7.92,5.63,7.91,-7.95,-7.43,-7.20,-2.31,-2.32,-2.28
99.26,5.71,8.01,5.71,8.02,-8.06,-7.49,-7.33,-2.35,-2.35,-2.31
100.25,5.78,8.11,5.81,8.14,-8.16,-7.54,-7.46,-2.39,-2.36,-2.34
101.25,5.94,8.30,5.90,8.27,-8.26,-7.60,-7.60,-2.32,-2.36,-2.37
102.27,5.99,8.38,5.99,8.39,-8.34,-7.65,-7.74,-2.36,-2.36,-2.40
103.29,6.04,8.47,6.04,8.47,-8.42,-7.71,-7.88,-2.38,-2.38,-2.44
104.32,6.07,8.52,6.06,8.51,-8.49,-7.76,-8.02,-2.42,-2.43,-2.45
105.37,6.07,8.55,6.08,8.56,-8.55,-7.81,-8.16,-2.48,-2.47,-2.48
106.42,6.07,8.58,6.08,8.60,-8.60,-7.86,-8.30,-2.54,-2.52,-2.51
107.48,6.10,8.65,6.05,8.60,-8.65,-7.91,-8.45,-2.55,-2.60,-2.55
108.56,6.04,8.63,6.04,8.63,-8.69,-7.96,-8.59,-2.65,-2.64,-2.59
109.64,5.99,8.61,6.06,8.69,-8.72,-8.01,-8.73,-2.73,-2.66,-2.62
110.74,6.15,8.81,6.11,8.77,-8.76,-8.06,-8.87,-2.61,-2.65,-2.66
111.85,6.18,8.86,6.15,8.83,-8.79,-8.11,-9.00,-2.62,-2.65,-2.68
112.97,6.17,8.89,6.14,8.86,-8.81,-8.16,-9.13,-2.65,-2.68,-2.73
114.10,6.03,8.78,6.07,8.83,-8.83,-8.21,-9.25,-2.80,-2.75,-2.76
115.24,6.01,8.79,6.03,8.82,-8.82,-8.25,-9.37,-2.82,-2.79,-2.78
116.39,6.01,8.83,5.99,8.81,-8.81,-8.30,-9.48,-2.80,-2.81,-2.82
117.55,6.00,8.84,5.96,8.80,-8.77,-8.34,-9.58,-2.78,-2.81,-2.84
118.73,5.88,8.74,5.88,8.74,-8.74,-8.39,-9.67,-2.86,-2.86,-2.87
119.92,5.79,8.66,5.79,8.68,-8.70,-8.43,-9.74,-2.91,-2.90,-2.88
121.12,5.70,8.60,5.74,8.63,-8.66,-8.47,-9.82,-2.96,-2.93,-2.90
122.33,5.73,8.64,5.71,8.62,-8.64,-8.51,-9.87,-2.91,-2.92,-2.92
123.55,5.72,8.64,5.68,8.61,-8.62,-8.56,-9.91,-2.90,-2.94,-2.92
124.79,5.65,8.59,5.65,8.59,-8.60,-8.60,-9.94,-2.96,-2.95,-2.94
126.03,5.59,8.54,5.65,8.60,-8.60,-8.64,-9.96,-3.02,-2.96,-2.95
127.29,5.67,8.63,5.64,8.60,-8.61,-8.67,-9.96,-2.95,-2.98,-2.96
128.57,5.70,8.68,5.65,8.63,-8.62,-8.71,-9.96,-2.93,-2.98,-2.98
129.85,5.61,8.60,5.67,8.66,-8.64,-8.75,-9.93,-3.03,-2.97,-3.00
131.15,5.67,8.68,5.66,8.67,-8.65,-8.78,-9.90,-2.98,-2.99,-3.01
132.46,5.68,8.70,5.65,8.67,-8.67,-8.82,-9.85,-2.99,-3.02,-3.02
133.79,5.65,8.68,5.66,8.70,-8.68,-8.85,-9.80,-3.04,-3.02,-3.03
135.12,5.64,8.69,5.65,8.70,-8.70,-8.89,-9.74,-3.06,-3.05,-3.06
136.48,5.67,8.72,5.65,8.71,-8.72,-8.92,-9.67,-3.06,-3.07,-3.06
137.84,5.66,8.73,5.66,8.74,-8.75,-8.95,-9.59,-3.09,-3.09,-3.08
139.22,5.68,8.77,5.68,8.78,-8.78,-8.98,-9.51,-3.11,-3.10,-3.10
140.61,5.72,8.83,5.72,8.83,-8.83,-9.01,-9.42,-3.12,-3.11,-3.12
142.02,5.78,8.89,5.77,8.89,-8.89,-9.04,-9.33,-3.12,-3.13,-3.11
143.44,5.83,8.96,5.82,8.96,-8.97,-9.06,-9.23,-3.14,-3.15,-3.13
144.87,5.88,9.04,5.88,9.04,-9.06,-9.09,-9.14,-3.18,-3.18,-3.16
146.32,5.95,9.13,5.95,9.13,-9.15,-9.11,-9.04,-3.21,-3.21,-3.19
147.78,6.03,9.23,6.03,9.24,-9.25,-9.14,-8.94,-3.23,-3.22,-3.20
149.26,6.11,9.34,6.11,9.35,-9.35,-9.16,-8.85,-3.25,-3.25,-3.24
150.75,6.18,9.47,6.16,9.45,-9.44,-9.18,-8.75,-3.26,-3.28,-3.29
152.26,6.19,9.53,6.19,9.54,-9.51,-9.20,-8.66,-3.32,-3.32,-3.35
153.78,6.19,9.59,6.19,9.60,-9.55,-9.21,-8.57,-3.37,-3.36,-3.40
155.32,6.17,9.63,6.16,9.62,-9.57,-9.23,-8.49,-3.40,-3.41,-3.46
156.88,6.10,9.62,6.08,9.61,-9.56,-9.25,-8.40,-3.46,-3.47,-3.53
158.44,5.97,9.56,5.97,9.57,-9.53,-9.26,-8.33,-3.56,-3.56,-3.60
160.03,5.84,9.51,5.83,9.50,-9.49,-9.27,-8.25,-3.65,-3.66,-3.67
161.63,5.70,9.43,5.70,9.43,-9.46,-9.28,-8.19,-3.77,-3.76,-3.73
163.24,5.60,9.38,5.60,9.38,-9.45,-9.29,-8.12,-3.86,-3.86,-3.78
164.88,5.54,9.36,5.54,9.36,-9.47,-9.30,-8.06,-3.93,-3.93,-3.82
166.53,5.55,9.41,5.56,9.42,-9.51,-9.31,-8.01,-3.96,-3.95,-3.86
168.19,5.63,9.52,5.64,9.53,-9.57,-9.31,-7.96,-3.94,-3.93,-3.89
169.87,5.78,9.69,5.76,9.67,-9.64,-9.31,-7.92,-3.86,-3.88,-3.92
171.57,5.87,9.79,5.86,9.79,-9.72,-9.32,-7.88,-3.85,-3.85,-3.92
173.29,5.95,9.88,5.92,9.85,-9.78,-9.32,-7.85,-3.84,-3.86,-3.93
175.02,5.94,9.86,5.95,9.88,-9.83,-9.31,-7.82,-3.89,-3.88,-3.93
176.77,5.93,9.86,5.95,9.88,-9.85,-9.31,-7.80,-3.93,-3.90,-3.93
178.54,5.97,9.90,5.93,9.85,-9.85,-9.30,-7.79,-3.88,-3.93,-3.93
180.32,5.89,9.80,5.90,9.81,-9.83,-9.30,-7.78,-3.94,-3.93,-3.92
182.13,5.84,9.74,5.86,9.76,-9.79,-9.29,-7.78,-3.95,-3.93,-3.90
183.95,5.82,9.72,5.81,9.71,-9.75,-9.28,-7.78,-3.93,-3.93,-3.90
185.79,5.79,9.68,5.78,9.68,-9.70,-9.26,-7.79,-3.92,-3.92,-3.90
187.65,5.76,9.67,5.74,9.65,-9.66,-9.25,-7.80,-3.90,-3.92,-3.91
189.52,5.68,9.59,5.70,9.62,-9.61,-9.23,-7.82,-3.94,-3.91,-3.91
191.42,5.66,9.58,5.66,9.59,-9.57,-9.21,-7.85,-3.91,-3.91,-3.93
193.33,5.63,9.56,5.59,9.53,-9.52,-9.19,-7.88,-3.89,-3.93,-3.94
195.27,5.51,9.46,5.51,9.47,-9.46,-9.17,-7.91,-3.95,-3.94,-3.95
197.22,5.40,9.36,5.43,9.39,-9.38,-9.14,-7.95,-3.99,-3.96,-3.96
199.19,5.34,9.32,5.33,9.31,-9.30,-9.12,-7.99,-3.96,-3.97,-3.98
201.18,5.26,9.25,5.23,9.23,-9.21,-9.09,-8.04,-3.95,-3.98,-3.99
203.19,5.12,9.12,5.12,9.13,-9.12,-9.05,-8.09,-4.00,-3.99,-4.00
205.23,4.99,9.01,5.00,9.01,-9.02,-9.02,-8.14,-4.03,-4.02,-4.02
207.28,4.89,8.91,4.88,8.91,-8.93,-8.98,-8.20,-4.04,-4.05,-4.02
209.35,4.78,8.82,4.78,8.82,-8.84,-8.94,-8.25,-4.07,-4.07,-4.04
211.44,4.69,8.76,4.70,8.75,-8.76,-8.90,-8.31,-4.08,-4.07,-4.07
213.56,4.63,8.70,4.63,8.70,-8.70,-8.86,-8.37,-4.07,-4.07,-4.07
215.69,4.58,8.65,4.57,8.65,-8.64,-8.81,-8.43,-4.07,-4.07,-4.08
217.85,4.52,8.60,4.50,8.59,-8.60,-8.76,-8.49,-4.08,-4.09,-4.09
220.03,4.45,8.54,4.46,8.55,-8.57,-8.71,-8.54,-4.12,-4.11,-4.09
222.23,4.41,8.52,4.43,8.53,-8.55,-8.66,-8.59,-4.14,-4.12,-4.11
224.45,4.44,8.53,4.42,8.52,-8.53,-8.60,-8.64,-4.09,-4.11,-4.10
226.70,4.43,8.52,4.42,8.52,-8.51,-8.54,-8.68,-4.09,-4.09,-4.10
228.96,4.42,8.50,4.43,8.51,-8.49,-8.48,-8.72,-4.08,-4.07,-4.08
231.25,4.43,8.49,4.42,8.49,-8.47,-8.41,-8.75,-4.05,-4.06,-4.07
233.57,4.41,8.46,4.41,8.47,-8.45,-8.34,-8.78,-4.04,-4.04,-4.05
235.90,4.40,8.44,4.39,8.44,-8.42,-8.27,-8.79,-4.02,-4.03,-4.04
238.26,4.38,8.40,4.37,8.39,-8.39,-8.20,-8.79,-4.01,-4.02,-4.03
240.64,4.34,8.34,4.34,8.34,-8.35,-8.12,-8.78,-4.02,-4.01,-4.00
243.05,4.32,8.28,4.31,8.28,-8.31,-8.04,-8.77,-3.99,-4.00,-3.97
245.48,4.30,8.24,4.30,8.25,-8.27,-7.96,-8.73,-3.97,-3.96,-3.94
247.93,4.30,8.20,4.31,8.22,-8.22,-7.87,-8.69,-3.92,-3.91,-3.91
250.41,4.32,8.21,4.30,8.18,-8.17,-7.78,-8.63,-3.85,-3.87,-3.89
252.92,4.28,8.13,4.27,8.13,-8.12,-7.69,-8.57,-3.84,-3.85,-3.86
255.45,4.22,8.05,4.23,8.06,-8.06,-7.59,-8.48,-3.84,-3.83,-3.83
258.00,4.17,7.97,4.17,7.97,-7.99,-7.49,-8.39,-3.82,-3.82,-3.81
260.58,4.12,7.91,4.12,7.90,-7.91,-7.39,-8.28,-3.79,-3.79,-3.79
263.19,4.05,7.80,4.06,7.82,-7.81,-7.28,-8.16,-3.76,-3.75,-3.75
265.82,4.00,7.73,3.98,7.71,-7.69,-7.17,-8.03,-3.70,-3.71,-3.74
268.48,3.88,7.59,3.88,7.58,-7.56,-7.06,-7.89,-3.68,-3.68,-3.71
271.16,3.75,7.42,3.74,7.42,-7.42,-6.94,-7.74,-3.67,-3.67,-3.67
273.87,3.59,7.24,3.59,7.24,-7.25,-6.82,-7.58,-3.67,-3.67,-3.66
276.61,3.43,7.05,3.44,7.06,-7.08,-6.70,-7.41,-3.65,-3.64,-3.62
279.38,3.28,6.87,3.28,6.87,-6.88,-6.57,-7.24,-3.60,-3.60,-3.59
282.17,3.13,6.69,3.11,6.67,-6.66,-6.44,-7.06,-3.53,-3.55,-3.57
284.99,2.93,6.46,2.92,6.46,-6.43,-6.30,-6.87,-3.51,-3.51,-3.53
287.84,2.71,6.22,2.72,6.23,-6.20,-6.16,-6.68,-3.50,-3.48,-3.51
290.72,2.50,5.97,2.49,5.97,-5.97,-6.02,-6.49,-3.47,-3.48,-3.48
293.63,2.30,5.74,2.26,5.71,-5.74,-5.88,-6.30,-3.44,-3.47,-3.45
296.57,2.01,5.42,2.05,5.46,-5.50,-5.73,-6.10,-3.49,-3.45,-3.41
299.53,1.84,5.22,1.84,5.23,-5.26,-5.57,-5.90,-3.42,-3.42,-3.38
302.53,1.68,5.04,1.67,5.02,-5.02,-5.41,-5.70,-3.35,-3.36,-3.37
305.55,1.50,4.81,1.51,4.83,-4.80,-5.25,-5.50,-3.30,-3.29,-3.32
308.61,1.34,4.64,1.31,4.60,-4.58,-5.09,-5.30,-3.24,-3.27,-3.30
311.69,1.09,4.36,1.07,4.34,-4.37,-4.91,-5.10,-3.28,-3.29,-3.27
314.81,0.84,4.08,0.87,4.11,-4.15,-4.74,-4.90,-3.32,-3.29,-3.24
317.96,0.64,3.86,0.69,3.92,-3.94,-4.56,-4.71,-3.30,-3.25,-3.23
321.14,0.57,3.78,0.52,3.73,-3.71,-4.38,-4.51,-3.15,-3.19,-3.22
324.35,0.37,3.56,0.31,3.51,-3.47,-4.20,-4.31,-3.11,-3.16,-3.20
327.59,0.05,3.23,0.08,3.27,-3.23,-4.01,-4.12,-3.18,-3.14,-3.18
330.87,-0.21,2.96,-0.17,3.00,-2.98,-3.81,-3.93,-3.19,-3.15,-3.17
334.18,-0.38,2.77,-0.41,2.75,-2.73,-3.62,-3.74,-3.11,-3.14,-3.15
337.52,-0.62,2.52,-0.66,2.48,-2.47,-3.42,-3.55,-3.10,-3.13,-3.15
340.90,-0.92,2.20,-0.93,2.20,-2.22,-3.21,-3.36,-3.14,-3.15,-3.13
344.30,-1.23,1.88,-1.19,1.93,-1.96,-3.01,-3.18,-3.20,-3.15,-3.12
347.75,-1.42,1.70,-1.39,1.73,-1.73,-2.80,-2.99,-3.16,-3.12,-3.12
351.23,-1.52,1.59,-1.58,1.53,-1.53,-2.59,-2.81,-3.06,-3.11,-3.11
354.74,-1.70,1.41,-1.77,1.34,-1.36,-2.37,-2.63,-3.07,-3.13,-3.11
358.28,-2.01,1.09,-1.91,1.19,-1.22,-2.15,-2.45,-3.24,-3.14,-3.10
361.87,-2.07,1.03,-2.04,1.06,-1.11,-1.93,-2.28,-3.19,-3.15,-3.10
365.49,-2.03,1.06,-2.14,0.96,-1.02,-1.71,-2.10,-3.06,-3.17,-3.10
369.14,-2.19,0.91,-2.16,0.95,-0.94,-1.49,-1.93,-3.13,-3.10,-3.11
372.83,-2.29,0.81,-2.20,0.91,-0.86,-1.26,-1.76,-3.15,-3.05,-3.11
376.56,-2.16,0.94,-2.28,0.83,-0.77,-1.04,-1.59,-2.94,-3.05,-3.11
380.33,-2.35,0.75,-2.35,0.75,-0.68,-0.82,-1.42,-3.04,-3.04,-3.10
384.13,-2.52,0.58,-2.49,0.62,-0.58,-0.59,-1.26,-3.11,-3.07,-3.10
387.97,-2.66,0.45,-2.67,0.43,-0.47,-0.37,-1.09,-3.13,-3.14,-3.11
391.85,-2.82,0.30,-2.81,0.30,-0.34,-0.16,-0.93,-3.16,-3.15,-3.12
395.77,-2.95,0.16,-2.95,0.16,-0.18,0.06,-0.77,-3.14,-3.14,-3.11
399.73,-3.08,0.04,-3.09,0.03,-0.02,0.27,-0.61,-3.10,-3.11,-3.12
403.72,-3.24,-0.12,-3.23,-0.10,0.14,0.48,-0.46,-3.10,-3.09,-3.12
407.76,-3.38,-0.25,-3.39,-0.26,0.30,0.67,-0.31,-3.09,-3.09,-3.13
411.84,-3.54,-0.41,-3.57,-0.44,0.45,0.86,-0.16,-3.10,-3.13,-3.14
415.96,-3.76,-0.63,-3.75,-0.61,0.58,1.05,-0.01,-3.18,-3.17,-3.14
420.12,-3.93,-0.80,-3.91,-0.77,0.71,1.22,0.14,-3.22,-3.19,-3.14
424.32,-4.00,-0.87,-4.00,-0.87,0.83,1.38,0.28,-3.18,-3.17,-3.14
428.56,-4.06,-0.94,-4.06,-0.93,0.92,1.53,0.41,-3.14,-3.14,-3.13
432.85,-4.08,-0.97,-4.14,-1.02,1.01,1.66,0.55,-3.08,-3.13,-3.12
437.18,-4.21,-1.11,-4.18,-1.08,1.08,1.79,0.68,-3.13,-3.10,-3.11
441.55,-4.28,-1.21,-4.22,-1.14,1.15,1.89,0.80,-3.13,-3.06,-3.07
445.96,-4.15,-1.11,-4.25,-1.21,1.23,1.98,0.92,-2.93,-3.02,-3.04
450.42,-4.28,-1.27,-4.24,-1.23,1.30,2.06,1.03,-2.98,-2.93,-3.01
454.93,-4.32,-1.36,-4.31,-1.35,1.39,2.11,1.14,-2.94,-2.92,-2.96
459.48,-4.30,-1.39,-4.42,-1.51,1.48,2.16,1.24,-2.83,-2.95,-2.91
464.07,-4.59,-1.73,-4.45,-1.60,1.57,2.18,1.33,-3.02,-2.89,-2.86
468.71,-4.50,-1.70,-4.48,-1.68,1.66,2.19,1.42,-2.84,-2.82,-2.80
473.40,-4.40,-1.64,-4.52,-1.77,1.75,2.19,1.50,-2.65,-2.77,-2.76
478.13,-4.53,-1.83,-4.51,-1.80,1.84,2.17,1.57,-2.69,-2.67,-2.70
482.91,-4.62,-1.96,-4.56,-1.90,1.92,2.13,1.63,-2.70,-2.64,-2.66
487.74,-4.57,-1.95,-4.62,-2.00,1.98,2.09,1.69,-2.60,-2.64,-2.62
492.62,-4.60,-2.03,-4.61,-2.03,2.01,2.03,1.73,-2.59,-2.60,-2.57
497.55,-4.64,-2.09,-4.58,-2.03,2.04,1.96,1.77,-2.60,-2.54,-2.55
502.52,-4.54,-2.02,-4.60,-2.07,2.05,1.88,1.80,-2.50,-2.55,-2.52
507.55,-4.54,-2.03,-4.58,-2.07,2.04,1.79,1.82,-2.51,-2.54,-2.51
512.62,-4.61,-2.11,-4.51,-2.01,2.01,1.70,1.83,-2.60,-2.50,-2.50
517.75,-4.44,-1.95,-4.46,-1.96,1.96,1.60,1.83,-2.49,-2.50,-2.49
522.93,-4.30,-1.80,-4.40,-1.89,1.89,1.50,1.83,-2.41,-2.51,-2.50
528.16,-4.38,-1.85,-4.33,-1.80,1.82,1.39,1.81,-2.56,-2.51,-2.54
533.44,-4.34,-1.78,-4.31,-1.74,1.75,1.28,1.79,-2.60,-2.56,-2.57
538.77,-4.24,-1.65,-4.27,-1.67,1.66,1.16,1.76,-2.58,-2.60,-2.60
544.16,-4.19,-1.55,-4.20,-1.56,1.58,1.05,1.73,-2.61,-2.62,-2.65
549.60,-4.16,-1.47,-4.17,-1.47,1.50,0.93,1.69,-2.67,-2.67,-2.70
555.10,-4.15,-1.40,-4.16,-1.41,1.41,0.81,1.64,-2.75,-2.75,-2.76
560.65,-4.15,-1.35,-4.14,-1.33,1.31,0.70,1.58,-2.84,-2.82,-2.81
566.25,-4.09,-1.24,-4.09,-1.23,1.21,0.58,1.53,-2.89,-2.89,-2.86
571.92,-4.02,-1.11,-4.03,-1.11,1.09,0.47,1.46,-2.94,-2.94,-2.92
577.64,-3.93,-0.96,-3.95,-0.98,0.96,0.35,1.40,-2.97,-2.99,-2.98
583.41,-3.86,-0.86,-3.85,-0.84,0.83,0.24,1.32,-3.03,-3.02,-3.01
589.25,-3.75,-0.72,-3.73,-0.69,0.69,0.13,1.25,-3.06,-3.04,-3.04
595.14,-3.57,-0.52,-3.60,-0.54,0.56,0.02,1.17,-3.02,-3.04,-3.06
601.09,-3.46,-0.40,-3.46,-0.39,0.42,-0.09,1.09,-3.04,-3.04,-3.07
607.10,-3.32,-0.26,-3.33,-0.27,0.30,-0.19,1.01,-3.03,-3.03,-3.07
613.17,-3.21,-0.17,-3.22,-0.17,0.18,-0.29,0.93,-3.03,-3.03,-3.05
619.30,-3.10,-0.09,-3.10,-0.08,0.08,-0.39,0.84,-3.03,-3.02,-3.02
625.50,-2.96,0.01,-2.96,0.01,-0.02,-0.48,0.75,-2.99,-2.99,-2.98
631.75,-2.82,0.10,-2.82,0.12,-0.12,-0.58,0.66,-2.94,-2.93,-2.93
638.07,-2.65,0.22,-2.67,0.21,-0.21,-0.67,0.57,-2.87,-2.88,-2.88
644.45,-2.52,0.30,-2.53,0.29,-0.30,-0.75,0.48,-2.83,-2.84,-2.83
650.89,-2.40,0.36,-2.38,0.39,-0.40,-0.84,0.39,-2.80,-2.78,-2.77
657.40,-2.23,0.48,-2.22,0.50,-0.49,-0.92,0.30,-2.73,-2.71,-2.72
663.98,-2.03,0.62,-2.05,0.61,-0.60,-1.00,0.21,-2.63,-2.65,-2.66
670.62,-1.86,0.75,-1.90,0.72,-0.71,-1.07,0.11,-2.58,-2.61,-2.62
677.32,-1.78,0.80,-1.77,0.81,-0.83,-1.14,0.02,-2.62,-2.60,-2.58
684.10,-1.66,0.89,-1.64,0.90,-0.95,-1.21,-0.08,-2.61,-2.59,-2.55
690.94,-1.49,1.02,-1.48,1.03,-1.06,-1.28,-0.17,-2.56,-2.55,-2.51
697.85,-1.29,1.20,-1.29,1.20,-1.17,-1.34,-0.27,-2.46,-2.46,-2.49
704.83,-1.12,1.36,-1.14,1.34,-1.26,-1.40,-0.36,-2.39,-2.40,-2.48
711.87,-1.02,1.46,-1.06,1.42,-1.36,-1.46,-0.46,-2.38,-2.42,-2.48
718.99,-1.03,1.46,-1.03,1.46,-1.45,-1.51,-0.55,-2.49,-2.48,-2.49
726.18,-1.03,1.48,-1.00,1.51,-1.55,-1.56,-0.65,-2.59,-2.55,-2.51
733.44,-0.95,1.58,-0.94,1.58,-1.65,-1.61,-0.74,-2.60,-2.59,-2.53
740.78,-0.83,1.72,-0.86,1.69,-1.74,-1.66,-0.84,-2.57,-2.60,-2.55
748.19,-0.77,1.81,-0.78,1.80,-1.82,-1.70,-0.93,-2.59,-2.60,-2.58
755.67,-0.71,1.91,-0.69,1.93,-1.90,-1.74,-1.03,-2.62,-2.59,-2.62
763.23,-0.62,2.03,-0.61,2.04,-1.99,-1.78,-1.13,-2.61,-2.60,-2.65
770.86,-0.49,2.18,-0.55,2.12,-2.07,-1.81,-1.22,-2.56,-2.62,-2.67
778.57,-0.52,2.16,-0.52,2.17,-2.15,-1.85,-1.32,-2.67,-2.66,-2.68
786.35,-0.52,2.17,-0.50,2.19,-2.21,-1.88,-1.41,-2.74,-2.72,-2.69
794.22,-0.48,2.23,-0.48,2.23,-2.27,-1.90,-1.51,-2.75,-2.75,-2.71
802.16,-0.42,2.29,-0.41,2.30,-2.32,-1.93,-1.60,-2.74,-2.73,-2.71
810.18,-0.32,2.39,-0.35,2.36,-2.36,-1.95,-1.69,-2.68,-2.71,-2.71
818.28,-0.29,2.41,-0.29,2.41,-2.40,-1.97,-1.78,-2.69,-2.69,-2.70
826.46,-0.25,2.44,-0.23,2.46,-2.43,-1.99,-1.87,-2.69,-2.67,-2.69
834.73,-0.19,2.49,-0.20,2.48,-2.47,-2.00,-1.96,-2.66,-2.66,-2.68
843.08,-0.12,2.53,-0.15,2.50,-2.50,-2.02,-2.05,-2.62,-2.65,-2.65
851.51,-0.13,2.50,-0.11,2.52,-2.52,-2.03,-2.13,-2.65,-2.63,-2.63
860.02,-0.07,2.53,-0.08,2.52,-2.54,-2.04,-2.22,-2.61,-2.62,-2.60
868.62,-0.04,2.55,-0.06,2.52,-2.55,-2.04,-2.30,-2.59,-2.61,-2.59
877.31,-0.04,2.52,-0.01,2.54,-2.56,-2.05,-2.37,-2.60,-2.57,-2.56
886.08,0.03,2.56,0.02,2.56,-2.56,-2.05,-2.44,-2.53,-2.53,-2.53
894.94,0.08,2.59,0.05,2.57,-2.55,-2.05,-2.51,-2.48,-2.50,-2.51
903.89,0.08,2.58,0.08,2.58,-2.54,-2.05,-2.57,-2.47,-2.46,-2.50
912.93,0.07,2.55,0.08,2.56,-2.53,-2.05,-2.64,-2.47,-2.45,-2.48
922.06,0.09,2.54,0.06,2.52,-2.52,-2.04,-2.69,-2.44,-2.46,-2.45
931.28,0.04,2.48,0.05,2.48,-2.51,-2.03,-2.74,-2.47,-2.46,-2.44
940.59,0.03,2.45,0.04,2.46,-2.49,-2.02,-2.78,-2.46,-2.45,-2.42
950.00,0.06,2.46,0.05,2.45,-2.47,-2.01,-2.81,-2.42,-2.43,-2.40
959.50,0.07,2.46,0.07,2.45,-2.45,-2.00,-2.84,-2.39,-2.38,-2.39
969.09,0.08,2.45,0.07,2.45,-2.43,-1.98,-2.86,-2.36,-2.36,-2.37
978.78,0.07,2.44,0.06,2.43,-2.41,-1.96,-2.87,-2.34,-2.35,-2.37
988.57,0.02,2.40,0.03,2.41,-2.39,-1.94,-2.88,-2.37,-2.35,-2.38
998.46,0.01,2.38,-0.00,2.37,-2.36,-1.92,-2.88,-2.36,-2.37,-2.37
1008.44,-0.03,2.34,-0.04,2.33,-2.34,-1.90,-2.87,-2.37,-2.38,-2.37
1018.53,-0.09,2.28,-0.08,2.29,-2.31,-1.87,-2.85,-2.40,-2.39,-2.37
1028.71,-0.11,2.26,-0.12,2.24,-2.27,-1.85,-2.83,-2.39,-2.40,-2.37
1039.00,-0.15,2.21,-0.14,2.23,-2.24,-1.82,-2.79,-2.39,-2.38,-2.36
1049.39,-0.15,2.21,-0.15,2.21,-2.20,-1.79,-2.76,-2.36,-2.35,-2.36
1059.88,-0.13,2.22,-0.16,2.19,-2.17,-1.75,-2.71,-2.30,-2.33,-2.35
1070.48,-0.19,2.14,-0.19,2.15,-2.13,-1.72,-2.65,-2.32,-2.32,-2.33
1081.19,-0.22,2.09,-0.22,2.08,-2.09,-1.68,-2.59,-2.31,-2.31,-2.31
1092.00,-0.26,2.02,-0.25,2.03,-2.04,-1.64,-2.53,-2.31,-2.29,-2.28
1102.92,-0.27,1.98,-0.27,1.98,-1.99,-1.60,-2.46,-2.26,-2.26,-2.25
1113.95,-0.26,1.96,-0.29,1.92,-1.92,-1.56,-2.38,-2.19,-2.22,-2.22
1125.09,-0.32,1.85,-0.31,1.86,-1.85,-1.52,-2.30,-2.17,-2.16,-2.17
1136.34,-0.35,1.77,-0.33,1.79,-1.77,-1.48,-2.21,-2.12,-2.10,-2.12
1147.70,-0.33,1.72,-0.36,1.70,-1.69,-1.43,-2.12,-2.02,-2.04,-2.05
1159.18,-0.37,1.63,-0.39,1.61,-1.60,-1.38,-2.03,-1.98,-1.99,-2.00
1170.77,-0.44,1.50,-0.44,1.50,-1.51,-1.33,-1.93,-1.96,-1.95,-1.94
1182.48,-0.50,1.37,-0.48,1.40,-1.42,-1.28,-1.84,-1.93,-1.90,-1.87
1194.30,-0.49,1.32,-0.50,1.31,-1.33,-1.23,-1.73,-1.82,-1.83,-1.81
1206.25,-0.50,1.26,-0.52,1.24,-1.23,-1.18,-1.63,-1.74,-1.75,-1.76
1218.31,-0.53,1.16,-0.53,1.16,-1.14,-1.12,-1.53,-1.68,-1.68,-1.69
1230.49,-0.57,1.06,-0.57,1.07,-1.05,-1.06,-1.42,-1.63,-1.62,-1.63
1242.80,-0.59,0.98,-0.60,0.97,-0.96,-1.00,-1.31,-1.56,-1.56,-1.57
1255.22,-0.62,0.88,-0.63,0.87,-0.88,-0.94,-1.20,-1.50,-1.51,-1.50
1267.78,-0.65,0.78,-0.65,0.78,-0.79,-0.88,-1.09,-1.45,-1.44,-1.43
1280.45,-0.67,0.69,-0.66,0.70,-0.70,-0.82,-0.98,-1.38,-1.37,-1.36
1293.26,-0.67,0.63,-0.68,0.62,-0.62,-0.75,-0.87,-1.29,-1.29,-1.30
1306.19,-0.67,0.57,-0.69,0.55,-0.53,-0.68,-0.76,-1.21,-1.23,-1.24
1319.25,-0.72,0.46,-0.71,0.47,-0.46,-0.62,-0.65,-1.19,-1.18,-1.18
1332.45,-0.74,0.38,-0.73,0.39,-0.40,-0.55,-0.54,-1.14,-1.13,-1.12
1345.77,-0.74,0.33,-0.75,0.32,-0.35,-0.48,-0.42,-1.09,-1.10,-1.07
1359.23,-0.74,0.28,-0.76,0.26,-0.29,-0.40,-0.31,-1.04,-1.05,-1.02
1372.82,-0.76,0.20,-0.74,0.22,-0.24,-0.33,-0.20,-1.00,-0.98,-0.96
1386.55,-0.73,0.18,-0.72,0.20,-0.18,-0.26,-0.08,-0.91,-0.90,-0.91
1400.41,-0.67,0.19,-0.70,0.16,-0.12,-0.18,0.03,-0.80,-0.82,-0.86
1414.42,-0.68,0.13,-0.71,0.10,-0.06,-0.10,0.14,-0.74,-0.77,-0.81
1428.56,-0.76,-0.01,-0.75,0.01,0.01,-0.02,0.26,-0.75,-0.74,-0.75
1442.85,-0.81,-0.12,-0.80,-0.11,0.09,0.06,0.37,-0.72,-0.71,-0.69
1457.28,-0.84,-0.20,-0.85,-0.21,0.18,0.14,0.48,-0.66,-0.66,-0.64
1471.85,-0.87,-0.29,-0.87,-0.29,0.29,0.22,0.60,-0.58,-0.58,-0.58
1486.57,-0.90,-0.37,-0.91,-0.38,0.40,0.30,0.71,-0.50,-0.50,-0.53
1501.43,-0.94,-0.48,-0.96,-0.50,0.52,0.39,0.83,-0.43,-0.44,-0.46
1516.45,-1.01,-0.63,-1.01,-0.63,0.63,0.47,0.94,-0.38,-0.38,-0.38
1531.61,-1.08,-0.78,-1.05,-0.75,0.74,0.56,1.05,-0.34,-0.31,-0.30
1546.93,-1.06,-0.85,-1.08,-0.87,0.85,0.65,1.17,-0.22,-0.23,-0.21
1562.40,-1.06,-0.94,-1.10,-0.97,0.95,0.73,1.28,-0.11,-0.15,-0.12
1578.02,-1.14,-1.10,-1.11,-1.07,1.06,0.82,1.39,-0.09,-0.05,-0.04
1593.80,-1.12,-1.16,-1.11,-1.16,1.16,0.91,1.51,0.03,0.05,0.04
1609.74,-1.09,-1.22,-1.11,-1.24,1.25,1.00,1.62,0.16,0.15,0.13
1625.84,-1.08,-1.31,-1.11,-1.33,1.35,1.09,1.73,0.27,0.24,0.23
1642.10,-1.12,-1.44,-1.12,-1.44,1.45,1.18,1.84,0.32,0.33,0.32
1658.52,-1.15,-1.57,-1.13,-1.54,1.55,1.27,1.95,0.39,0.42,0.42
1675.10,-1.11,-1.62,-1.13,-1.64,1.64,1.36,2.06,0.53,0.52,0.51
1691.85,-1.11,-1.71,-1.13,-1.73,1.73,1.45,2.16,0.62,0.61,0.60
1708.77,-1.12,-1.82,-1.13,-1.83,1.82,1.54,2.27,0.69,0.69,0.70
1725.86,-1.15,-1.95,-1.13,-1.93,1.89,1.64,2.37,0.74,0.76,0.80
1743.12,-1.10,-2.00,-1.10,-2.00,1.96,1.73,2.47,0.85,0.86,0.90
1760.55,-1.04,-2.04,-1.04,-2.04,2.02,1.82,2.57,0.98,0.97,1.00
1778.15,-0.97,-2.07,-0.98,-2.07,2.09,1.90,2.66,1.11,1.11,1.10
1795.94,-0.92,-2.10,-0.94,-2.12,2.16,1.99,2.75,1.24,1.23,1.18
1813.90,-0.91,-2.19,-0.92,-2.20,2.25,2.08,2.84,1.34,1.33,1.28
1832.03,-0.94,-2.31,-0.92,-2.29,2.35,2.17,2.92,1.40,1.43,1.37
1850.36,-0.94,-2.41,-0.95,-2.41,2.44,2.25,3.00,1.50,1.50,1.47
1868.86,-0.94,-2.50,-1.00,-2.56,2.54,2.34,3.07,1.60,1.54,1.56
1887.55,-1.09,-2.74,-1.05,-2.70,2.65,2.42,3.14,1.55,1.59,1.65
1906.42,-1.11,-2.85,-1.08,-2.83,2.75,2.50,3.20,1.63,1.66,1.74
1925.49,-1.04,-2.89,-1.06,-2.90,2.85,2.58,3.26,1.81,1.79,1.85
1944.74,-0.98,-2.93,-0.97,-2.92,2.95,2.65,3.31,1.97,1.98,1.95
1964.19,-0.87,-2.94,-0.89,-2.96,3.04,2.73,3.35,2.17,2.15,2.07
1983.83,-0.84,-3.01,-0.88,-3.05,3.12,2.80,3.39,2.28,2.25,2.17
2003.67,-0.87,-3.17,-0.88,-3.17,3.19,2.87,3.42,2.32,2.31,2.30
2023.71,-0.94,-3.34,-0.89,-3.29,3.26,2.94,3.45,2.31,2.37,2.40
2043.94,-0.84,-3.36,-0.86,-3.38,3.31,3.00,3.47,2.47,2.45,2.52
2064.38,-0.77,-3.40,-0.79,-3.41,3.36,3.06,3.48,2.59,2.57,2.63
2085.03,-0.69,-3.43,-0.67,-3.41,3.40,3.12,3.49,2.71,2.73,2.74
2105.88,-0.55,-3.40,-0.56,-3.41,3.43,3.17,3.49,2.87,2.86,2.85
2126.94,-0.43,-3.39,-0.44,-3.40,3.43,3.22,3.48,3.00,2.99,2.96
2148.20,-0.32,-3.39,-0.32,-3.40,3.42,3.27,3.47,3.10,3.10,3.07
2169.69,-0.22,-3.40,-0.22,-3.39,3.40,3.32,3.46,3.18,3.19,3.18
2191.38,-0.11,-3.39,-0.12,-3.39,3.39,3.36,3.44,3.27,3.27,3.28
2213.30,-0.00,-3.37,-0.01,-3.39,3.37,3.40,3.42,3.36,3.36,3.37
2235.43,0.10,-3.37,0.11,-3.36,3.35,3.43,3.39,3.45,3.46,3.47
2257.78,0.23,-3.33,0.23,-3.32,3.33,3.46,3.36,3.55,3.56,3.56
2280.36,0.37,-3.26,0.34,-3.30,3.30,3.49,3.33,3.67,3.64,3.63
2303.17,0.44,-3.27,0.44,-3.27,3.27,3.51,3.30,3.71,3.71,3.71
2326.20,0.51,-3.27,0.53,-3.25,3.25,3.53,3.26,3.75,3.78,3.78
2349.46,0.63,-3.22,0.62,-3.22,3.23,3.55,3.22,3.85,3.84,3.85
2372.95,0.73,-3.16,0.71,-3.18,3.20,3.56,3.18,3.93,3.91,3.89
2396.68,0.78,-3.16,0.78,-3.16,3.18,3.57,3.14,3.96,3.96,3.94
2420.65,0.84,-3.15,0.83,-3.16,3.16,3.57,3.11,4.00,3.99,3.99
2444.86,0.88,-3.17,0.89,-3.16,3.14,3.58,3.07,4.02,4.03,4.05
2469.31,0.98,-3.14,1.00,-3.13,3.11,3.58,3.03,4.08,4.11,4.12
2494.00,1.15,-3.07,1.12,-3.09,3.07,3.57,2.99,4.21,4.19,4.22
2518.94,1.30,-3.02,1.28,-3.04,3.02,3.57,2.95,4.32,4.30,4.32
2544.13,1.41,-3.01,1.44,-2.99,2.98,3.56,2.91,4.38,4.41,4.42
2569.57,1.62,-2.92,1.61,-2.93,2.92,3.55,2.88,4.54,4.54,4.54
2595.27,1.81,-2.87,1.81,-2.86,2.87,3.54,2.84,4.68,4.68,4.68
2621.22,2.03,-2.79,2.02,-2.80,2.83,3.52,2.81,4.85,4.84,4.82
2647.43,2.21,-2.75,2.19,-2.78,2.79,3.50,2.78,5.00,4.98,4.96
2673.90,2.33,-2.78,2.34,-2.76,2.77,3.49,2.75,5.10,5.11,5.11
2700.64,2.48,-2.77,2.49,-2.76,2.77,3.46,2.72,5.24,5.26,5.25
2727.65,2.64,-2.76,2.62,-2.78,2.78,3.44,2.70,5.42,5.40,5.40
2754.93,2.76,-2.78,2.74,-2.80,2.82,3.42,2.67,5.57,5.56,5.54
2782.48,2.82,-2.87,2.84,-2.85,2.87,3.39,2.65,5.69,5.71,5.69
2810.30,2.92,-2.92,2.92,-2.91,2.94,3.37,2.63,5.85,5.86,5.84
2838.40,3.01,-2.98,2.99,-3.00,3.01,3.34,2.62,6.01,6.00,5.99
2866.79,3.08,-3.06,3.06,-3.09,3.08,3.31,2.60,6.16,6.14,6.14
2895.46,3.10,-3.20,3.12,-3.18,3.15,3.29,2.59,6.25,6.27,6.30
2924.41,3.20,-3.27,3.21,-3.26,3.22,3.26,2.58,6.42,6.43,6.47
2953.65,3.34,-3.30,3.33,-3.31,3.28,3.23,2.57,6.62,6.61,6.64
2983.19,3.49,-3.33,3.48,-3.33,3.34,3.20,2.56,6.82,6.82,6.82
3013.02,3.65,-3.35,3.63,-3.37,3.39,3.17,2.56,7.03,7.01,7.00
3043.15,3.77,-3.42,3.78,-3.41,3.43,3.14,2.56,7.19,7.20,7.19
3073.58,3.91,-3.46,3.93,-3.44,3.46,3.11,2.56,7.37,7.39,7.37
3104.32,4.10,-3.46,4.08,-3.48,3.48,3.08,2.56,7.58,7.56,7.56
3135.36,4.24,-3.50,4.22,-3.52,3.50,3.05,2.56,7.74,7.72,7.74
3166.72,4.33,-3.58,4.34,-3.56,3.52,3.02,2.57,7.85,7.86,7.91
3198.38,4.45,-3.59,4.46,-3.58,3.55,2.99,2.58,8.00,8.01,8.04
3230.37,4.59,-3.58,4.59,-3.58,3.59,2.97,2.59,8.18,8.18,8.17
3262.67,4.73,-3.55,4.71,-3.57,3.64,2.94,2.60,8.37,8.35,8.28
3295.30,4.77,-3.61,4.77,-3.61,3.70,2.91,2.61,8.46,8.47,8.38
3328.25,4.79,-3.67,4.75,-3.71,3.76,2.89,2.62,8.54,8.51,8.46
3361.53,4.69,-3.83,4.69,-3.83,3.82,2.86,2.64,8.50,8.51,8.52
3395.15,4.59,-3.98,4.63,-3.93,3.87,2.84,2.65,8.46,8.51,8.57
3429.10,4.62,-3.98,4.60,-4.00,3.92,2.81,2.67,8.54,8.52,8.60
3463.39,4.61,-4.00,4.61,-4.00,3.96,2.79,2.69,8.57,8.57,8.61
3498.03,4.63,-3.98,4.62,-3.99,3.98,2.77,2.71,8.61,8.61,8.61
3533.01,4.63,-3.97,4.61,-3.99,3.99,2.74,2.73,8.62,8.60,8.60
3568.34,4.56,-3.99,4.58,-3.97,3.99,2.72,2.75,8.54,8.56,8.55
3604.02,4.52,-3.94,4.51,-3.95,3.98,2.70,2.76,8.50,8.49,8.46
3640.06,4.45,-3.91,4.44,-3.93,3.97,2.68,2.78,8.42,8.41,8.36
3676.46,4.32,-3.93,4.33,-3.91,3.96,2.66,2.80,8.28,8.30,8.25
3713.22,4.22,-3.89,4.18,-3.93,3.95,2.64,2.82,8.17,8.14,8.11
3750.36,4.01,-3.96,4.01,-3.96,3.94,2.63,2.84,7.94,7.94,7.97
3787.86,3.82,-3.98,3.84,-3.96,3.91,2.61,2.86,7.72,7.74,7.80
3825.74,3.69,-3.92,3.71,-3.90,3.86,2.59,2.87,7.54,7.57,7.61
3864.00,3.62,-3.79,3.62,-3.79,3.78,2.58,2.89,7.39,7.40,7.41
3902.64,3.59,-3.61,3.54,-3.67,3.66,2.56,2.90,7.25,7.20,7.20
3941.66,3.45,-3.55,3.45,-3.55,3.52,2.54,2.92,6.96,6.96,7.00
3981.08,3.36,-3.43,3.38,-3.41,3.35,2.53,2.93,6.70,6.73,6.79
4020.89,3.33,-3.25,3.36,-3.21,3.17,2.51,2.94,6.50,6.53,6.58
4061.10,3.42,-2.95,3.40,-2.98,3.01,2.49,2.95,6.42,6.40,6.37
4101.71,3.45,-2.72,3.42,-2.75,2.85,2.48,2.96,6.30,6.28,6.17
4142.73,3.41,-2.59,3.40,-2.59,2.72,2.46,2.97,6.12,6.12,6.00
4184.15,3.31,-2.51,3.30,-2.52,2.58,2.44,2.97,5.89,5.89,5.82
4226.00,3.18,-2.47,3.18,-2.47,2.46,2.42,2.98,5.63,5.64,5.65
4268.26,3.05,-2.43,3.06,-2.41,2.33,2.39,2.98,5.38,5.39,5.48
4310.94,2.97,-2.31,2.97,-2.32,2.20,2.37,2.99,5.17,5.17,5.28
4354.05,2.91,-2.17,2.91,-2.18,2.08,2.34,2.99,4.98,4.98,5.08
4397.59,2.87,-2.01,2.88,-2.00,1.95,2.31,3.00,4.82,4.83,4.88
4441.56,2.85,-1.82,2.85,-1.83,1.84,2.28,3.00,4.69,4.69,4.67
4485.98,2.81,-1.65,2.79,-1.67,1.75,2.24,3.00,4.56,4.54,4.46
4530.84,2.68,-1.57,2.70,-1.55,1.69,2.20,3.01,4.37,4.39,4.25
4576.15,2.51,-1.52,2.50,-1.54,1.67,2.16,3.01,4.17,4.16,4.03
4621.91,2.29,-1.54,2.21,-1.62,1.67,2.11,3.02,3.95,3.87,3.83
4668.13,1.80,-1.80,1.86,-1.73,1.69,2.07,3.02,3.49,3.56,3.60
4714.81,1.49,-1.86,1.51,-1.84,1.74,2.03,3.03,3.23,3.25,3.35
4761.96,1.18,-1.90,1.16,-1.91,1.79,2.01,3.04,2.97,2.96,3.08
4809.58,0.90,-1.88,0.88,-1.90,1.85,1.98,3.05,2.75,2.73,2.78
4857.67,0.56,-1.92,0.60,-1.88,1.90,1.99,3.06,2.46,2.50,2.48
4906.25,0.31,-1.85,0.28,-1.88,1.93,2.00,3.08,2.24,2.21,2.16
4955.31,-0.03,-1.86,-0.08,-1.91,1.95,2.04,3.09,1.91,1.87,1.83
5004.87,-0.47,-1.99,-0.43,-1.94,1.96,2.10,3.11,1.48,1.53,1.52
5054.91,-0.80,-2.01,-0.79,-2.00,1.97,2.18,3.13,1.17,1.18,1.21
5105.46,-1.09,-2.00,-1.13,-2.04,1.99,2.27,3.15,0.90,0.86,0.91
5156.52,-1.44,-2.06,-1.44,-2.05,2.02,2.39,3.18,0.58,0.59,0.62
5208.08,-1.77,-2.10,-1.75,-2.08,2.07,2.51,3.21,0.30,0.32,0.33
5260.16,-2.06,-2.11,-2.09,-2.14,2.14,2.64,3.24,0.08,0.05,0.05
5312.77,-2.41,-2.19,-2.43,-2.22,2.24,2.76,3.28,-0.17,-0.19,-0.22
5365.89,-2.82,-2.36,-2.77,-2.30,2.38,2.89,3.31,-0.45,-0.39,-0.46
5419.55,-3.13,-2.44,-3.16,-2.47,2.55,3.02,3.35,-0.58,-0.61,-0.69
5473.75,-3.49,-2.62,-3.56,-2.69,2.75,3.15,3.40,-0.74,-0.81,-0.87
5528.49,-4.05,-3.03,-4.00,-2.98,2.99,3.27,3.45,-1.06,-1.00,-1.02
5583.77,-4.46,-3.31,-4.46,-3.32,3.25,3.39,3.50,-1.21,-1.21,-1.15
5639.61,-4.96,-3.73,-4.99,-3.76,3.52,3.51,3.56,-1.44,-1.47,-1.23
5696.00,-5.48,-4.17,-5.57,-4.27,3.80,3.62,3.62,-1.68,-1.77,-1.31
5752.96,-6.26,-4.90,-6.21,-4.85,4.08,3.74,3.68,-2.18,-2.12,-1.36
5810.49,-6.86,-5.45,-6.86,-5.46,4.37,3.85,3.75,-2.50,-2.49,-1.41
5868.60,-7.44,-6.00,-7.49,-6.06,4.65,3.96,3.81,-2.79,-2.83,-1.44
5927.28,-8.05,-6.58,-8.03,-6.58,4.92,4.07,3.89,-3.13,-3.10,-1.47
5986.56,-8.57,-7.08,-8.57,-7.10,5.17,4.17,3.97,-3.40,-3.40,-1.49
6046.42,-9.08,-7.55,-9.14,-7.64,5.41,4.28,4.05,-3.68,-3.73,-1.53
6106.89,-9.70,-8.12,-9.71,-8.17,5.61,4.39,4.14,-4.10,-4.10,-1.58
6167.96,-10.32,-8.70,-10.25,-8.68,5.77,4.50,4.23,-4.56,-4.48,-1.62
6229.64,-10.82,-9.15,-10.75,-9.15,5.89,4.61,4.32,-4.93,-4.86,-1.67
6291.93,-11.24,-9.52,-11.19,-9.56,5.98,4.71,4.42,-5.27,-5.22,-1.72
6354.85,-11.76,-9.99,-11.63,-9.98,6.03,4.82,4.52,-5.74,-5.60,-1.77
6418.40,-12.33,-10.50,-12.17,-10.49,6.05,4.93,4.63,-6.29,-6.12,-1.83
6482.58,-13.06,-11.19,-12.76,-11.07,6.04,5.04,4.74,-7.02,-6.71,-1.87
6547.41,-13.95,-12.01,-13.32,-11.63,6.03,5.14,4.85,-7.93,-7.29,-1.94
6612.88,-14.65,-12.65,-13.80,-12.11,6.01,5.25,4.97,-8.65,-7.79,-2.00
6679.01,-15.33,-13.28,-14.23,-12.56,6.00,5.36,5.09,-9.33,-8.23,-2.05
6745.80,-16.11,-14.00,-14.55,-12.91,6.00,5.46,5.21,-10.11,-8.55,-2.11
6813.26,-17.16,-14.98,-14.78,-13.17,6.00,5.56,5.33,-11.16,-8.78,-2.18
6881.39,-17.84,-15.57,-14.94,-13.36,6.00,5.67,5.45,-11.84,-8.94,-2.27
6950.21,-18.64,-16.27,-14.98,-13.44,6.00,5.76,5.58,-12.64,-8.98,-2.37
7019.71,-19.70,-17.22,-14.91,-13.40,6.00,5.86,5.70,-13.70,-8.91,-2.48
7089.91,-20.45,-17.86,-14.84,-13.35,6.00,5.95,5.82,-14.45,-8.84,-2.59
7160.81,-21.35,-18.62,-14.76,-13.29,6.00,6.04,5.94,-15.35,-8.76,-2.73
7232.41,-22.65,-19.78,-14.71,-13.25,6.00,6.11,6.06,-16.65,-8.71,-2.87
7304.74,-24.06,-21.04,-14.63,-13.17,6.00,6.19,6.17,-18.06,-8.63,-3.02
7377.79,-25.06,-21.89,-14.48,-13.01,6.00,6.25,6.28,-19.06,-8.48,-3.17
7451.56,-24.95,-21.64,-14.29,-12.81,6.00,6.31,6.38,-18.95,-8.29,-3.31
7526.08,-24.34,-20.90,-14.13,-12.62,6.00,6.36,6.47,-18.34,-8.13,-3.44
7601.34,-23.71,-20.18,-14.05,-12.51,6.00,6.40,6.56,-17.71,-8.05,-3.53
7677.35,-23.49,-19.92,-14.02,-12.44,6.00,6.42,6.62,-17.49,-8.02,-3.57
7754.13,-23.16,-19.60,-14.02,-12.40,6.00,6.44,6.69,-17.16,-8.02,-3.56
7831.67,-21.98,-18.48,-14.02,-12.36,6.00,6.42,6.73,-15.98,-8.02,-3.50
7909.98,-20.15,-16.76,-14.03,-12.31,6.00,6.41,6.77,-14.15,-8.03,-3.39
7989.08,-18.46,-15.23,-14.05,-12.27,6.00,6.37,6.78,-12.46,-8.05,-3.23
8068.98,-16.78,-13.76,-14.09,-12.25,6.00,6.33,6.79,-10.78,-8.09,-3.02
8149.67,-15.62,-12.86,-14.14,-12.24,6.00,6.26,6.77,-9.62,-8.14,-2.76
8231.16,-15.15,-12.69,-14.19,-12.23,6.00,6.18,6.75,-9.15,-8.19,-2.46
8313.47,-13.79,-11.69,-14.24,-12.21,6.00,6.09,6.70,-7.79,-8.24,-2.10
8396.61,-12.65,-10.95,-14.28,-12.18,6.00,6.00,6.66,-6.65,-8.28,-1.70
8480.57,-11.30,-10.04,-14.32,-12.15,6.00,5.91,6.58,-5.30,-8.32,-1.26
8565.38,-10.10,-9.30,-14.35,-12.10,6.00,5.83,6.51,-4.10,-8.35,-0.80
8651.03,-9.49,-9.20,-14.38,-12.04,6.00,5.77,6.42,-3.49,-8.38,-0.29
8737.54,-9.04,-9.31,-14.41,-11.97,6.00,5.72,6.32,-3.04,-8.41,0.27
8824.92,-8.62,-9.47,-14.44,-11.91,6.00,5.72,6.22,-2.62,-8.44,0.85
8913.17,-8.62,-10.05,-14.49,-11.85,6.00,5.72,6.11,-2.62,-8.49,1.43
9002.30,-8.90,-10.91,-14.53,-11.78,6.00,5.78,5.99,-2.90,-8.53,2.01
9092.32,-8.92,-11.42,-14.56,-11.71,6.00,5.84,5.87,-2.92,-8.56,2.50
9183.25,-8.74,-11.62,-14.60,-11.63,6.00,5.92,5.75,-2.74,-8.60,2.88
9275.08,-8.54,-11.68,-14.63,-11.55,6.00,6.01,5.63,-2.54,-8.63,3.14
9367.83,-8.70,-11.96,-14.66,-11.46,6.00,6.10,5.51,-2.70,-8.66,3.26
9461.51,-9.02,-12.25,-14.68,-11.37,6.00,6.18,5.39,-3.02,-8.68,3.23
9556.12,-9.36,-12.41,-14.70,-11.26,6.00,6.26,5.27,-3.36,-8.70,3.05
9651.68,-9.81,-12.50,-14.71,-11.16,6.00,6.33,5.15,-3.81,-8.71,2.69
9748.20,-10.30,-12.49,-14.73,-11.05,6.00,6.38,5.04,-4.30,-8.73,2.19
9845.68,-10.75,-12.29,-14.73,-10.94,6.00,6.43,4.93,-4.75,-8.73,1.54
9944.14,-11.15,-11.94,-14.74,-10.82,6.00,6.46,4.83,-5.15,-8.74,0.79
10043.58,-11.71,-11.67,-14.74,-10.70,6.00,6.49,4.73,-5.71,-8.74,-0.04
10144.02,-11.60,-10.66,-14.84,-10.67,6.00,6.50,4.63,-5.60,-8.84,-0.94
10245.46,-11.37,-9.51,-14.95,-10.64,6.00,6.51,4.54,-5.37,-8.95,-1.86
10347.91,-11.23,-8.47,-15.06,-10.61,6.00,6.51,4.46,-5.23,-9.06,-2.76
10451.39,-11.52,-7.92,-15.16,-10.58,6.00,6.50,4.39,-5.52,-9.16,-3.60
10555.91,-11.50,-7.15,-15.27,-10.55,6.00,6.49,4.32,-5.50,-9.27,-4.35
10661.46,-10.84,-5.85,-15.38,-10.51,6.00,6.47,4.25,-4.84,-9.38,-4.99
10768.08,-10.11,-4.62,-15.49,-10.47,6.00,6.45,4.20,-4.11,-9.49,-5.49
10875.76,-9.82,-3.98,-15.59,-10.43,6.00,6.43,4.15,-3.82,-9.59,-5.84
10984.52,-9.93,-3.83,-15.70,-10.38,6.00,6.41,4.11,-3.93,-9.70,-6.10
11094.36,-10.45,-4.20,-15.81,-10.33,6.00,6.38,4.07,-4.45,-9.81,-6.25
11205.31,-10.89,-4.56,-15.92,-10.29,6.00,6.35,4.05,-4.89,-9.92,-6.33
11317.36,-11.00,-4.59,-16.03,-10.23,6.00,6.33,4.03,-5.00,-10.03,-6.41
11430.53,-10.96,-4.45,-16.13,-10.18,6.00,6.30,4.02,-4.96,-10.13,-6.51
11544.84,-10.93,-4.30,-16.24,-10.12,6.00,6.27,4.01,-4.93,-10.24,-6.63
11660.29,-11.02,-4.23,-16.35,-10.07,6.00,6.24,4.02,-5.02,-10.35,-6.79
11776.89,-11.79,-4.80,-16.46,-10.00,6.00,6.21,4.03,-5.79,-10.46,-6.99
11894.66,-12.66,-5.44,-16.57,-9.94,6.00,6.18,4.05,-6.66,-10.57,-7.22
12013.60,-13.17,-5.64,-16.68,-9.87,6.00,6.15,4.08,-7.17,-10.68,-7.53
12133.74,-13.52,-5.60,-16.79,-9.81,6.00,6.12,4.13,-7.52,-10.79,-7.92
12255.08,-14.20,-5.80,-16.90,-9.74,6.00,6.09,4.17,-8.20,-10.90,-8.40
12377.63,-14.96,-6.03,-17.01,-9.66,6.00,6.06,4.24,-8.96,-11.01,-8.93
12501.41,-16.30,-6.79,-17.12,-9.59,6.00,6.03,4.31,-10.30,-11.12,-9.51
12626.42,-19.93,-9.81,-17.23,-9.51,6.00,6.00,4.40,-13.93,-11.23,-10.12
12752.68,-20.87,-10.16,-17.34,-9.43,6.00,5.98,4.49,-14.87,-11.34,-10.71
12880.21,-20.95,-9.68,-17.45,-9.35,6.00,5.95,4.60,-14.95,-11.45,-11.27
13009.01,-20.91,-9.12,-17.56,-9.26,6.00,5.92,4.73,-14.91,-11.56,-11.79
13139.10,-21.19,-8.95,-17.67,-9.18,6.00,5.89,4.87,-15.19,-11.67,-12.24
13270.49,-21.77,-9.19,-17.78,-9.09,6.00,5.87,5.02,-15.77,-11.78,-12.58
13403.20,-21.79,-9.00,-17.89,-9.00,6.00,5.84,5.20,-15.79,-11.89,-12.79
13537.23,-22.23,-9.31,-18.01,-8.90,6.00,5.81,5.39,-16.23,-12.01,-12.92
13672.60,-21.92,-8.97,-18.12,-8.80,6.00,5.79,5.60,-15.92,-12.12,-12.95
13809.33,-21.36,-8.45,-18.23,-8.71,6.00,5.76,5.83,-15.36,-12.23,-12.91
13947.42,-19.86,-7.07,-18.34,-8.60,6.00,5.73,6.10,-13.86,-12.34,-12.79
14086.90,-18.20,-5.59,-18.45,-8.50,6.00,5.71,6.37,-12.20,-12.45,-12.61
14227.77,-16.87,-4.47,-18.57,-8.39,6.00,5.68,6.69,-10.87,-12.57,-12.40
14370.04,-15.49,-3.27,-18.68,-8.29,6.00,5.66,7.02,-9.49,-12.68,-12.22
14513.74,-14.10,-2.00,-18.79,-8.18,6.00,5.63,7.39,-8.10,-12.79,-12.10
14658.88,-13.14,-1.11,-18.91,-8.06,6.00,5.60,7.78,-7.14,-12.91,-12.03
14805.47,-12.79,-0.74,-19.02,-7.95,6.00,5.58,8.22,-6.79,-13.02,-12.05
14953.52,-12.72,-0.59,-19.13,-7.83,6.00,5.55,8.66,-6.72,-13.13,-12.13
15103.06,-13.22,-0.90,-19.25,-7.71,6.00,5.53,9.13,-7.22,-13.25,-12.32
15254.09,-13.87,-1.29,-19.36,-7.59,6.00,5.50,9.59,-7.87,-13.36,-12.58
15406.63,-14.95,-2.08,-19.47,-7.46,6.00,5.48,10.05,-8.95,-13.47,-12.87
15560.70,-17.27,-4.06,-19.59,-7.34,6.00,5.45,10.45,-11.27,-13.59,-13.21
15716.30,-18.88,-5.32,-19.70,-7.21,6.00,5.43,10.76,-12.88,-13.70,-13.56
15873.47,-20.35,-6.44,-19.82,-7.07,6.00,5.40,10.97,-14.35,-13.82,-13.91
16032.20,-21.11,-6.83,-19.93,-6.94,6.00,5.38,10.97,-15.11,-13.93,-14.28
16192.52,-21.50,-6.82,-20.05,-6.80,6.02,5.36,10.84,-15.49,-14.03,-14.68
16354.45,-21.90,-6.91,-20.16,-6.66,6.03,5.33,10.47,-15.88,-14.13,-14.99
16517.99,-22.24,-7.04,-20.28,-6.52,6.03,5.31,10.00,-16.22,-14.25,-15.20
16683.17,-22.83,-7.53,-20.39,-6.38,6.02,5.29,9.37,-16.82,-14.38,-15.30
16850.01,-23.54,-8.25,-20.51,-6.23,5.99,5.26,8.70,-17.56,-14.52,-15.29
17018.51,-24.29,-9.11,-20.62,-6.08,5.93,5.24,7.98,-18.36,-14.69,-15.18
17188.69,-24.76,-9.64,-20.74,-5.93,5.86,5.22,7.27,-18.91,-14.88,-15.12
17360.58,-24.72,-9.76,-20.85,-5.78,5.76,5.20,6.58,-18.97,-15.10,-14.96
17534.18,-24.00,-9.25,-20.97,-5.62,5.64,5.18,5.91,-18.37,-15.34,-14.75
17709.53,-22.88,-8.35,-21.09,-5.47,5.49,5.16,5.29,-17.39,-15.59,-14.53
17886.62,-22.58,-8.25,-21.20,-5.31,5.33,5.14,4.70,-17.25,-15.87,-14.33
18065.49,-22.61,-8.27,-21.32,-5.14,5.16,5.12,4.17,-17.45,-16.16,-14.34
18246.14,-22.33,-7.82,-21.44,-4.98,4.99,5.10,3.67,-17.35,-16.45,-14.51
18428.60,-22.72,-8.04,-21.56,-4.81,4.81,5.08,3.22,-17.91,-16.74,-14.68
18612.89,-22.99,-8.15,-21.67,-4.64,4.64,5.06,2.80,-18.35,-17.03,-14.84
18799.02,-22.98,-8.00,-21.79,-4.47,4.47,5.05,2.43,-18.51,-17.32,-14.98
18987.01,-23.81,-8.69,-21.91,-4.30,4.30,5.03,2.09,-19.52,-17.61,-15.12
19176.88,-23.97,-8.43,-22.03,-4.12,4.12,5.01,1.79,-19.85,-17.91,-15.54
19368.65,-24.13,-8.15,-22.14,-3.94,3.94,5.00,1.51,-20.19,-18.20,-15.98
19562.33,-24.25,-7.84,-22.26,-3.76,3.76,4.99,1.27,-20.50,-18.50,-16.41
19757.96,-24.53,-7.70,-22.38,-3.57,3.57,4.97,1.03,-20.96,-18.81,-16.83
19955.54,-25.50,-8.27,-22.50,-3.39,3.39,4.96,0.79,-22.12,-19.11,-17.23
