frequency,raw,error,smoothed,error_smoothed,equalization,parametric_eq,equalized_raw,equalized_smoothed,target
20.00,-5.35,-2.92,-5.35,-2.92,2.92,0.77,-2.43,-2.43,-2.43
20.20,-5.27,-2.88,-5.27,-2.88,2.88,0.79,-2.39,-2.39,-2.39
20.40,-5.19,-2.84,-5.19,-2.84,2.84,0.82,-2.35,-2.35,-2.35
20.61,-5.11,-2.80,-5.11,-2.80,2.80,0.84,-2.31,-2.31,-2.31
20.81,-5.03,-2.76,-5.03,-2.76,2.76,0.86,-2.27,-2.27,-2.27
21.02,-4.95,-2.72,-4.95,-2.72,2.72,0.89,-2.23,-2.23,-2.23
21.23,-4.87,-2.68,-4.87,-2.68,2.68,0.91,-2.19,-2.19,-2.19
21.44,-4.79,-2.64,-4.79,-2.64,2.64,0.94,-2.14,-2.15,-2.15
21.66,-4.71,-2.60,-4.71,-2.61,2.61,0.96,-2.10,-2.11,-2.11
21.87,-4.64,-2.57,-4.63,-2.57,2.57,0.99,-2.07,-2.07,-2.07
22.09,-4.56,-2.53,-4.56,-2.53,2.53,1.02,-2.03,-2.03,-2.03
22.31,-4.48,-2.49,-4.48,-2.49,2.49,1.05,-1.98,-1.99,-1.99
22.54,-4.41,-2.46,-4.40,-2.46,2.46,1.08,-1.95,-1.95,-1.95
22.76,-4.33,-2.42,-4.33,-2.42,2.42,1.11,-1.91,-1.91,-1.91
22.99,-4.25,-2.38,-4.25,-2.38,2.38,1.14,-1.87,-1.87,-1.87
23.22,-4.18,-2.35,-4.18,-2.34,2.34,1.17,-1.83,-1.83,-1.83
23.45,-4.10,-2.31,-4.10,-2.31,2.31,1.20,-1.79,-1.79,-1.79
23.69,-4.03,-2.28,-4.03,-2.27,2.27,1.24,-1.76,-1.75,-1.75
23.92,-3.95,-2.23,-3.95,-2.24,2.24,1.27,-1.71,-1.71,-1.71
24.16,-3.88,-2.20,-3.88,-2.20,2.20,1.30,-1.68,-1.67,-1.67
24.40,-3.81,-2.17,-3.80,-2.17,2.17,1.34,-1.64,-1.64,-1.64
24.65,-3.73,-2.13,-3.73,-2.13,2.13,1.37,-1.60,-1.60,-1.60
24.89,-3.66,-2.10,-3.66,-2.10,2.10,1.41,-1.56,-1.56,-1.56
25.14,-3.59,-2.07,-3.59,-2.07,2.07,1.44,-1.52,-1.52,-1.52
25.39,-3.52,-2.03,-3.52,-2.03,2.03,1.48,-1.48,-1.49,-1.48
25.65,-3.45,-2.00,-3.45,-2.00,2.00,1.51,-1.45,-1.45,-1.45
25.91,-3.39,-1.98,-3.38,-1.97,1.97,1.55,-1.42,-1.41,-1.41
26.16,-3.32,-1.94,-3.32,-1.94,1.94,1.58,-1.38,-1.38,-1.37
26.43,-3.25,-1.91,-3.25,-1.91,1.91,1.62,-1.34,-1.34,-1.34
26.69,-3.19,-1.88,-3.18,-1.88,1.88,1.65,-1.31,-1.31,-1.30
26.96,-3.12,-1.85,-3.12,-1.85,1.85,1.69,-1.27,-1.27,-1.27
27.23,-3.06,-1.82,-3.06,-1.82,1.82,1.72,-1.24,-1.24,-1.23
27.50,-2.99,-1.79,-2.99,-1.79,1.79,1.75,-1.20,-1.20,-1.20
27.77,-2.93,-1.76,-2.93,-1.76,1.76,1.78,-1.17,-1.17,-1.17
28.05,-2.87,-1.73,-2.87,-1.73,1.73,1.81,-1.13,-1.13,-1.14
28.33,-2.81,-1.71,-2.81,-1.71,1.71,1.84,-1.10,-1.10,-1.10
28.62,-2.76,-1.69,-2.75,-1.68,1.68,1.86,-1.08,-1.07,-1.07
28.90,-2.70,-1.66,-2.70,-1.66,1.66,1.89,-1.04,-1.04,-1.04
29.19,-2.64,-1.63,-2.64,-1.63,1.63,1.91,-1.01,-1.01,-1.01
29.48,-2.59,-1.61,-2.59,-1.61,1.61,1.93,-0.98,-0.98,-0.98
29.78,-2.53,-1.58,-2.54,-1.59,1.59,1.95,-0.94,-0.95,-0.95
30.08,-2.48,-1.56,-2.49,-1.57,1.57,1.96,-0.91,-0.92,-0.92
30.38,-2.44,-1.55,-2.44,-1.55,1.55,1.97,-0.89,-0.89,-0.89
30.68,-2.39,-1.53,-2.39,-1.53,1.53,1.98,-0.86,-0.86,-0.86
30.99,-2.35,-1.51,-2.35,-1.51,1.51,1.99,-0.84,-0.84,-0.83
31.30,-2.31,-1.50,-2.31,-1.50,1.50,2.00,-0.81,-0.81,-0.81
31.61,-2.27,-1.48,-2.27,-1.48,1.48,2.00,-0.79,-0.79,-0.78
31.93,-2.23,-1.47,-2.23,-1.47,1.47,2.00,-0.76,-0.76,-0.76
32.24,-2.19,-1.45,-2.19,-1.45,1.45,1.99,-0.74,-0.74,-0.74
32.57,-2.16,-1.44,-2.16,-1.44,1.44,1.99,-0.72,-0.72,-0.72
32.89,-2.12,-1.42,-2.12,-1.43,1.43,1.98,-0.69,-0.70,-0.69
33.22,-2.09,-1.41,-2.09,-1.41,1.41,1.97,-0.67,-0.68,-0.68
33.55,-2.07,-1.41,-2.06,-1.40,1.40,1.96,-0.66,-0.66,-0.66
33.89,-2.04,-1.40,-2.03,-1.40,1.40,1.95,-0.64,-0.64,-0.64
34.23,-2.01,-1.39,-2.01,-1.39,1.39,1.93,-0.62,-0.62,-0.62
34.57,-1.98,-1.37,-1.98,-1.38,1.38,1.91,-0.60,-0.60,-0.60
34.92,-1.96,-1.37,-1.96,-1.37,1.37,1.89,-0.58,-0.59,-0.59
35.27,-1.94,-1.36,-1.95,-1.37,1.37,1.87,-0.57,-0.58,-0.58
35.62,-1.93,-1.37,-1.93,-1.37,1.37,1.85,-0.56,-0.56,-0.56
35.97,-1.91,-1.36,-1.92,-1.37,1.37,1.83,-0.54,-0.55,-0.55
36.33,-1.90,-1.36,-1.91,-1.36,1.36,1.81,-0.53,-0.54,-0.54
36.70,-1.90,-1.37,-1.90,-1.36,1.36,1.78,-0.53,-0.53,-0.53
37.06,-1.89,-1.37,-1.89,-1.37,1.37,1.76,-0.52,-0.52,-0.52
37.43,-1.89,-1.38,-1.88,-1.37,1.37,1.74,-0.52,-0.51,-0.51
37.81,-1.88,-1.37,-1.88,-1.37,1.37,1.71,-0.51,-0.51,-0.51
38.19,-1.88,-1.38,-1.88,-1.37,1.37,1.69,-0.51,-0.50,-0.50
38.57,-1.88,-1.38,-1.87,-1.37,1.37,1.66,-0.50,-0.50,-0.50
38.95,-1.88,-1.39,-1.87,-1.38,1.38,1.64,-0.50,-0.50,-0.49
39.34,-1.88,-1.39,-1.87,-1.38,1.38,1.62,-0.50,-0.49,-0.49
39.74,-1.87,-1.38,-1.88,-1.39,1.39,1.60,-0.48,-0.49,-0.49
40.14,-1.87,-1.38,-1.88,-1.39,1.39,1.57,-0.48,-0.49,-0.49
40.54,-1.88,-1.39,-1.88,-1.40,1.40,1.55,-0.48,-0.49,-0.49
40.94,-1.89,-1.40,-1.89,-1.40,1.40,1.53,-0.49,-0.48,-0.48
41.35,-1.89,-1.40,-1.89,-1.41,1.41,1.52,-0.48,-0.48,-0.48
41.76,-1.90,-1.41,-1.90,-1.41,1.41,1.50,-0.48,-0.48,-0.48
42.18,-1.90,-1.41,-1.91,-1.42,1.42,1.48,-0.48,-0.49,-0.48
42.60,-1.91,-1.42,-1.91,-1.43,1.43,1.46,-0.48,-0.49,-0.49
43.03,-1.92,-1.43,-1.92,-1.43,1.43,1.45,-0.49,-0.49,-0.49
43.46,-1.93,-1.44,-1.93,-1.44,1.44,1.44,-0.49,-0.49,-0.49
43.90,-1.94,-1.45,-1.93,-1.44,1.44,1.42,-0.49,-0.49,-0.49
44.33,-1.94,-1.45,-1.94,-1.45,1.45,1.41,-0.49,-0.49,-0.49
44.78,-1.95,-1.46,-1.94,-1.45,1.45,1.40,-0.50,-0.49,-0.49
45.23,-1.95,-1.46,-1.94,-1.45,1.45,1.39,-0.49,-0.49,-0.49
45.68,-1.94,-1.45,-1.94,-1.46,1.46,1.38,-0.48,-0.49,-0.49
46.13,-1.94,-1.45,-1.94,-1.46,1.46,1.37,-0.48,-0.48,-0.48
46.60,-1.94,-1.46,-1.94,-1.46,1.46,1.37,-0.48,-0.48,-0.48
47.06,-1.94,-1.46,-1.93,-1.45,1.45,1.36,-0.48,-0.48,-0.48
47.53,-1.93,-1.45,-1.93,-1.45,1.45,1.36,-0.48,-0.48,-0.48
48.01,-1.92,-1.44,-1.92,-1.45,1.45,1.36,-0.47,-0.47,-0.47
48.49,-1.91,-1.44,-1.91,-1.44,1.44,1.35,-0.47,-0.47,-0.47
48.97,-1.90,-1.43,-1.90,-1.43,1.43,1.35,-0.47,-0.47,-0.47
49.46,-1.89,-1.43,-1.89,-1.42,1.42,1.35,-0.46,-0.46,-0.46
49.96,-1.87,-1.41,-1.87,-1.41,1.41,1.35,-0.45,-0.46,-0.46
50.46,-1.86,-1.41,-1.86,-1.40,1.40,1.35,-0.46,-0.45,-0.45
50.96,-1.84,-1.39,-1.84,-1.39,1.39,1.36,-0.45,-0.45,-0.45
51.47,-1.83,-1.39,-1.82,-1.38,1.38,1.36,-0.45,-0.44,-0.44
51.99,-1.81,-1.37,-1.80,-1.36,1.36,1.36,-0.45,-0.44,-0.44
52.51,-1.79,-1.36,-1.78,-1.34,1.34,1.37,-0.45,-0.44,-0.43
53.03,-1.77,-1.34,-1.76,-1.33,1.33,1.37,-0.44,-0.43,-0.43
53.56,-1.74,-1.31,-1.74,-1.31,1.31,1.38,-0.43,-0.43,-0.43
54.10,-1.72,-1.29,-1.72,-1.29,1.29,1.38,-0.43,-0.43,-0.42
54.64,-1.69,-1.27,-1.70,-1.27,1.27,1.39,-0.42,-0.43,-0.42
55.18,-1.67,-1.25,-1.68,-1.25,1.25,1.39,-0.42,-0.43,-0.42
55.74,-1.66,-1.23,-1.66,-1.23,1.23,1.40,-0.42,-0.43,-0.42
56.29,-1.64,-1.21,-1.65,-1.22,1.22,1.41,-0.42,-0.43,-0.43
56.86,-1.63,-1.20,-1.64,-1.20,1.20,1.41,-0.43,-0.43,-0.43
57.42,-1.63,-1.19,-1.63,-1.19,1.19,1.42,-0.44,-0.44,-0.44
58.00,-1.62,-1.18,-1.62,-1.18,1.18,1.42,-0.44,-0.44,-0.44
58.58,-1.62,-1.17,-1.62,-1.17,1.17,1.43,-0.45,-0.45,-0.45
59.16,-1.62,-1.16,-1.63,-1.17,1.17,1.43,-0.45,-0.46,-0.46
59.76,-1.63,-1.16,-1.63,-1.16,1.16,1.44,-0.47,-0.47,-0.47
60.35,-1.64,-1.16,-1.64,-1.16,1.16,1.44,-0.48,-0.48,-0.48
60.96,-1.65,-1.16,-1.65,-1.16,1.16,1.45,-0.48,-0.49,-0.49
61.57,-1.67,-1.17,-1.67,-1.17,1.17,1.45,-0.50,-0.50,-0.50
62.18,-1.69,-1.18,-1.68,-1.18,1.18,1.45,-0.51,-0.51,-0.51
62.80,-1.70,-1.18,-1.70,-1.19,1.19,1.46,-0.51,-0.51,-0.52
63.43,-1.73,-1.20,-1.72,-1.20,1.20,1.46,-0.53,-0.52,-0.53
64.07,-1.75,-1.21,-1.75,-1.21,1.21,1.46,-0.53,-0.53,-0.53
64.71,-1.77,-1.23,-1.77,-1.23,1.23,1.46,-0.54,-0.54,-0.54
65.35,-1.79,-1.24,-1.80,-1.25,1.25,1.46,-0.54,-0.55,-0.55
66.01,-1.82,-1.26,-1.82,-1.27,1.27,1.46,-0.55,-0.56,-0.56
66.67,-1.85,-1.29,-1.85,-1.29,1.29,1.46,-0.56,-0.56,-0.56
67.33,-1.88,-1.31,-1.88,-1.31,1.31,1.46,-0.57,-0.57,-0.57
68.01,-1.91,-1.34,-1.90,-1.33,1.33,1.46,-0.58,-0.58,-0.57
68.69,-1.94,-1.36,-1.93,-1.35,1.35,1.46,-0.59,-0.58,-0.57
69.37,-1.97,-1.39,-1.95,-1.37,1.37,1.46,-0.60,-0.58,-0.58
70.07,-1.99,-1.41,-1.98,-1.39,1.39,1.46,-0.60,-0.59,-0.58
70.77,-2.01,-1.42,-2.00,-1.41,1.41,1.46,-0.60,-0.59,-0.58
71.48,-2.04,-1.45,-2.03,-1.44,1.44,1.46,-0.60,-0.59,-0.59
72.19,-2.07,-1.48,-2.06,-1.46,1.46,1.46,-0.61,-0.60,-0.59
72.91,-2.09,-1.50,-2.08,-1.48,1.48,1.46,-0.60,-0.60,-0.59
73.64,-2.10,-1.50,-2.11,-1.51,1.51,1.46,-0.59,-0.60,-0.60
74.38,-2.13,-1.53,-2.14,-1.54,1.54,1.46,-0.59,-0.60,-0.60
75.12,-2.16,-1.56,-2.18,-1.57,1.57,1.46,-0.59,-0.61,-0.60
75.87,-2.20,-1.59,-2.22,-1.61,1.61,1.47,-0.59,-0.61,-0.61
76.63,-2.25,-1.64,-2.26,-1.64,1.64,1.47,-0.61,-0.61,-0.61
77.40,-2.30,-1.68,-2.30,-1.68,1.68,1.48,-0.62,-0.62,-0.62
78.17,-2.35,-1.73,-2.35,-1.73,1.73,1.48,-0.62,-0.62,-0.62
78.95,-2.40,-1.77,-2.39,-1.77,1.77,1.49,-0.62,-0.62,-0.62
79.74,-2.45,-1.82,-2.45,-1.82,1.82,1.50,-0.62,-0.62,-0.63
80.54,-2.51,-1.88,-2.50,-1.88,1.88,1.51,-0.63,-0.63,-0.63
81.35,-2.57,-1.94,-2.56,-1.94,1.94,1.52,-0.63,-0.63,-0.63
82.16,-2.63,-2.00,-2.62,-2.00,2.00,1.53,-0.63,-0.63,-0.63
82.98,-2.68,-2.05,-2.69,-2.06,2.06,1.54,-0.62,-0.63,-0.63
83.81,-2.74,-2.11,-2.75,-2.12,2.12,1.55,-0.62,-0.63,-0.63
84.65,-2.80,-2.17,-2.81,-2.19,2.19,1.57,-0.61,-0.62,-0.63
85.50,-2.87,-2.25,-2.87,-2.25,2.25,1.58,-0.62,-0.62,-0.62
86.35,-2.94,-2.32,-2.93,-2.32,2.32,1.60,-0.62,-0.62,-0.62
87.22,-3.02,-2.40,-3.00,-2.38,2.38,1.62,-0.64,-0.62,-0.62
88.09,-3.08,-2.46,-3.06,-2.44,2.44,1.64,-0.63,-0.62,-0.62
88.97,-3.13,-2.51,-3.12,-2.50,2.50,1.66,-0.62,-0.62,-0.62
89.86,-3.18,-2.56,-3.19,-2.56,2.56,1.69,-0.62,-0.62,-0.62
90.76,-3.24,-2.62,-3.25,-2.62,2.62,1.71,-0.62,-0.63,-0.62
91.66,-3.31,-2.68,-3.31,-2.67,2.67,1.74,-0.64,-0.64,-0.63
92.58,-3.36,-2.72,-3.37,-2.72,2.72,1.76,-0.64,-0.65,-0.64
93.51,-3.42,-2.76,-3.43,-2.76,2.76,1.79,-0.66,-0.67,-0.66
94.44,-3.48,-2.80,-3.49,-2.79,2.79,1.82,-0.69,-0.69,-0.68
95.39,-3.54,-2.83,-3.54,-2.82,2.82,1.85,-0.71,-0.72,-0.71
96.34,-3.60,-2.86,-3.59,-2.85,2.85,1.88,-0.75,-0.75,-0.73
97.30,-3.65,-2.88,-3.64,-2.86,2.86,1.91,-0.78,-0.78,-0.77
98.28,-3.69,-2.89,-3.69,-2.87,2.87,1.95,-0.81,-0.81,-0.80
99.26,-3.74,-2.90,-3.73,-2.88,2.88,1.98,-0.86,-0.85,-0.84
100.25,-3.78,-2.90,-3.76,-2.87,2.87,2.01,-0.90,-0.89,-0.88
101.25,-3.82,-2.90,-3.80,-2.86,2.86,2.05,-0.95,-0.93,-0.92
102.27,-3.84,-2.87,-3.82,-2.85,2.85,2.08,-0.99,-0.97,-0.97
103.29,-3.85,-2.84,-3.85,-2.83,2.83,2.12,-1.02,-1.02,-1.01
104.32,-3.86,-2.80,-3.86,-2.80,2.80,2.15,-1.05,-1.06,-1.06
105.37,-3.87,-2.77,-3.88,-2.78,2.78,2.18,-1.09,-1.10,-1.10
106.42,-3.88,-2.73,-3.89,-2.74,2.74,2.22,-1.13,-1.14,-1.15
107.48,-3.89,-2.70,-3.89,-2.71,2.71,2.25,-1.18,-1.18,-1.19
108.56,-3.89,-2.66,-3.90,-2.67,2.67,2.28,-1.21,-1.22,-1.23
109.64,-3.89,-2.62,-3.90,-2.64,2.64,2.31,-1.25,-1.26,-1.27
110.74,-3.89,-2.59,-3.89,-2.60,2.60,2.33,-1.29,-1.30,-1.30
111.85,-3.89,-2.56,-3.89,-2.56,2.56,2.36,-1.33,-1.33,-1.33
112.97,-3.88,-2.52,-3.88,-2.51,2.51,2.38,-1.36,-1.36,-1.36
114.10,-3.86,-2.47,-3.86,-2.47,2.47,2.40,-1.39,-1.39,-1.39
115.24,-3.84,-2.42,-3.84,-2.43,2.43,2.42,-1.41,-1.41,-1.41
116.39,-3.83,-2.39,-3.82,-2.38,2.38,2.43,-1.45,-1.44,-1.44
117.55,-3.82,-2.36,-3.79,-2.34,2.34,2.44,-1.48,-1.46,-1.45
118.73,-3.78,-2.31,-3.76,-2.29,2.29,2.44,-1.49,-1.47,-1.47
119.92,-3.73,-2.25,-3.72,-2.24,2.24,2.44,-1.49,-1.48,-1.48
121.12,-3.68,-2.19,-3.68,-2.19,2.19,2.44,-1.49,-1.49,-1.49
122.33,-3.64,-2.14,-3.64,-2.13,2.13,2.43,-1.51,-1.50,-1.50
123.55,-3.59,-2.08,-3.59,-2.08,2.08,2.41,-1.51,-1.51,-1.51
124.79,-3.53,-2.01,-3.54,-2.02,2.02,2.40,-1.51,-1.52,-1.51
126.03,-3.47,-1.95,-3.49,-1.96,1.96,2.37,-1.50,-1.52,-1.52
127.29,-3.44,-1.91,-3.44,-1.91,1.91,2.34,-1.53,-1.53,-1.53
128.57,-3.39,-1.86,-3.38,-1.85,1.85,2.31,-1.54,-1.54,-1.53
129.85,-3.31,-1.77,-3.32,-1.79,1.79,2.27,-1.52,-1.54,-1.54
131.15,-3.25,-1.71,-3.27,-1.72,1.72,2.23,-1.53,-1.55,-1.54
132.46,-3.22,-1.67,-3.22,-1.66,1.66,2.18,-1.56,-1.56,-1.55
133.79,-3.18,-1.62,-3.16,-1.60,1.60,2.13,-1.58,-1.57,-1.56
135.12,-3.12,-1.55,-3.11,-1.53,1.53,2.07,-1.59,-1.58,-1.57
136.48,-3.07,-1.49,-3.06,-1.47,1.47,2.01,-1.60,-1.59,-1.58
137.84,-3.00,-1.40,-3.00,-1.40,1.40,1.94,-1.60,-1.60,-1.60
139.22,-2.95,-1.34,-2.95,-1.34,1.34,1.88,-1.61,-1.62,-1.61
140.61,-2.90,-1.27,-2.90,-1.27,1.27,1.80,-1.63,-1.63,-1.63
142.02,-2.84,-1.19,-2.85,-1.21,1.21,1.73,-1.63,-1.65,-1.65
143.44,-2.81,-1.14,-2.80,-1.14,1.14,1.65,-1.67,-1.67,-1.66
144.87,-2.76,-1.07,-2.76,-1.07,1.07,1.57,-1.69,-1.69,-1.68
146.32,-2.71,-1.00,-2.71,-1.01,1.01,1.49,-1.70,-1.70,-1.70
147.78,-2.65,-0.92,-2.67,-0.94,0.94,1.41,-1.71,-1.72,-1.73
149.26,-2.61,-0.86,-2.62,-0.87,0.87,1.32,-1.73,-1.75,-1.75
150.75,-2.57,-0.80,-2.58,-0.81,0.81,1.24,-1.76,-1.77,-1.77
152.26,-2.54,-0.75,-2.54,-0.74,0.74,1.15,-1.80,-1.80,-1.79
153.78,-2.50,-0.68,-2.50,-0.67,0.67,1.06,-1.82,-1.82,-1.82
155.32,-2.46,-0.62,-2.45,-0.60,0.60,0.97,-1.85,-1.85,-1.84
156.88,-2.40,-0.54,-2.40,-0.53,0.53,0.88,-1.86,-1.87,-1.86
158.44,-2.37,-0.48,-2.35,-0.46,0.46,0.79,-1.91,-1.89,-1.89
160.03,-2.31,-0.40,-2.30,-0.39,0.39,0.70,-1.92,-1.92,-1.91
161.63,-2.26,-0.33,-2.25,-0.31,0.31,0.60,-1.95,-1.94,-1.93
163.24,-2.21,-0.26,-2.19,-0.23,0.23,0.51,-1.98,-1.96,-1.95
164.88,-2.14,-0.16,-2.13,-0.15,0.15,0.42,-1.99,-1.98,-1.97
166.53,-2.07,-0.07,-2.06,-0.06,0.06,0.32,-2.01,-2.00,-1.99
168.19,-2.00,0.02,-1.99,0.02,-0.02,0.23,-2.02,-2.02,-2.01
169.87,-1.91,0.12,-1.92,0.11,-0.11,0.14,-2.02,-2.03,-2.03
171.57,-1.84,0.21,-1.85,0.20,-0.20,0.04,-2.04,-2.04,-2.05
173.29,-1.78,0.28,-1.77,0.29,-0.29,-0.05,-2.07,-2.05,-2.06
175.02,-1.68,0.39,-1.69,0.37,-0.37,-0.15,-2.05,-2.06,-2.07
176.77,-1.61,0.47,-1.61,0.46,-0.46,-0.24,-2.07,-2.07,-2.08
178.54,-1.53,0.55,-1.53,0.55,-0.55,-0.34,-2.08,-2.08,-2.08
180.32,-1.46,0.63,-1.45,0.63,-0.63,-0.43,-2.09,-2.08,-2.09
182.13,-1.38,0.71,-1.37,0.72,-0.72,-0.53,-2.10,-2.08,-2.09
183.95,-1.27,0.82,-1.28,0.80,-0.80,-0.62,-2.07,-2.08,-2.09
185.79,-1.19,0.89,-1.20,0.88,-0.88,-0.72,-2.07,-2.08,-2.08
187.65,-1.12,0.96,-1.12,0.96,-0.96,-0.82,-2.07,-2.08,-2.08
189.52,-1.05,1.03,-1.05,1.03,-1.03,-0.91,-2.08,-2.08,-2.08
191.42,-0.98,1.09,-0.97,1.10,-1.10,-1.01,-2.08,-2.07,-2.07
193.33,-0.91,1.16,-0.89,1.18,-1.18,-1.10,-2.08,-2.07,-2.07
195.27,-0.82,1.24,-0.82,1.25,-1.25,-1.20,-2.06,-2.07,-2.06
197.22,-0.74,1.32,-0.75,1.31,-1.31,-1.29,-2.05,-2.06,-2.06
199.19,-0.67,1.39,-0.68,1.38,-1.38,-1.39,-2.05,-2.06,-2.06
201.18,-0.61,1.45,-0.62,1.44,-1.44,-1.48,-2.05,-2.06,-2.06
203.19,-0.55,1.51,-0.56,1.51,-1.51,-1.58,-2.06,-2.07,-2.06
205.23,-0.50,1.56,-0.50,1.57,-1.57,-1.67,-2.07,-2.07,-2.06
207.28,-0.45,1.62,-0.44,1.63,-1.63,-1.76,-2.08,-2.07,-2.07
209.35,-0.40,1.67,-0.39,1.69,-1.69,-1.86,-2.09,-2.08,-2.07
211.44,-0.34,1.74,-0.34,1.75,-1.75,-1.95,-2.09,-2.08,-2.08
213.56,-0.29,1.80,-0.29,1.80,-1.80,-2.03,-2.09,-2.09,-2.09
215.69,-0.25,1.85,-0.25,1.86,-1.86,-2.12,-2.11,-2.10,-2.10
217.85,-0.20,1.92,-0.21,1.91,-1.91,-2.20,-2.11,-2.12,-2.11
220.03,-0.17,1.96,-0.17,1.96,-1.96,-2.29,-2.13,-2.13,-2.13
222.23,-0.13,2.01,-0.14,2.01,-2.01,-2.37,-2.14,-2.15,-2.14
224.45,-0.09,2.07,-0.11,2.06,-2.06,-2.44,-2.14,-2.16,-2.16
226.70,-0.06,2.12,-0.08,2.10,-2.10,-2.51,-2.16,-2.18,-2.17
228.96,-0.05,2.14,-0.05,2.14,-2.14,-2.58,-2.19,-2.19,-2.19
231.25,-0.03,2.18,-0.03,2.18,-2.18,-2.65,-2.21,-2.21,-2.21
233.57,-0.01,2.22,-0.01,2.22,-2.22,-2.71,-2.23,-2.23,-2.23
235.90,0.01,2.26,0.01,2.26,-2.26,-2.76,-2.25,-2.25,-2.24
238.26,0.03,2.29,0.04,2.30,-2.30,-2.81,-2.27,-2.27,-2.26
240.64,0.05,2.33,0.06,2.34,-2.34,-2.86,-2.29,-2.28,-2.28
243.05,0.06,2.35,0.08,2.38,-2.38,-2.90,-2.31,-2.30,-2.29
245.48,0.08,2.39,0.10,2.41,-2.41,-2.94,-2.33,-2.31,-2.30
247.93,0.12,2.44,0.13,2.45,-2.45,-2.97,-2.33,-2.32,-2.31
250.41,0.14,2.46,0.16,2.49,-2.49,-2.99,-2.34,-2.33,-2.32
252.92,0.18,2.51,0.19,2.52,-2.52,-3.01,-2.34,-2.33,-2.33
255.45,0.20,2.53,0.22,2.55,-2.55,-3.02,-2.35,-2.34,-2.33
258.00,0.24,2.58,0.24,2.58,-2.58,-3.03,-2.34,-2.34,-2.34
260.58,0.27,2.61,0.27,2.61,-2.61,-3.03,-2.34,-2.34,-2.34
263.19,0.30,2.64,0.29,2.63,-2.63,-3.03,-2.33,-2.34,-2.34
265.82,0.33,2.67,0.31,2.65,-2.65,-3.03,-2.31,-2.33,-2.34
268.48,0.35,2.69,0.33,2.66,-2.66,-3.01,-2.31,-2.33,-2.33
271.16,0.36,2.69,0.34,2.66,-2.66,-3.00,-2.30,-2.32,-2.33
273.87,0.37,2.69,0.35,2.66,-2.66,-2.98,-2.29,-2.32,-2.32
276.61,0.37,2.68,0.35,2.66,-2.66,-2.96,-2.29,-2.31,-2.31
279.38,0.36,2.66,0.35,2.65,-2.65,-2.93,-2.29,-2.30,-2.30
282.17,0.35,2.63,0.35,2.64,-2.64,-2.90,-2.29,-2.29,-2.28
284.99,0.35,2.62,0.35,2.63,-2.63,-2.87,-2.27,-2.27,-2.27
287.84,0.34,2.60,0.35,2.61,-2.61,-2.84,-2.27,-2.26,-2.25
290.72,0.33,2.57,0.35,2.59,-2.59,-2.80,-2.26,-2.25,-2.24
293.63,0.33,2.55,0.35,2.58,-2.58,-2.77,-2.25,-2.23,-2.22
296.57,0.33,2.54,0.35,2.57,-2.57,-2.73,-2.24,-2.22,-2.21
299.53,0.34,2.53,0.35,2.56,-2.56,-2.69,-2.22,-2.20,-2.19
302.53,0.36,2.53,0.36,2.55,-2.55,-2.66,-2.19,-2.19,-2.17
305.55,0.38,2.54,0.38,2.55,-2.55,-2.62,-2.17,-2.17,-2.16
308.61,0.40,2.54,0.40,2.55,-2.55,-2.58,-2.15,-2.15,-2.14
311.69,0.42,2.55,0.42,2.56,-2.56,-2.54,-2.14,-2.13,-2.13
314.81,0.44,2.55,0.45,2.57,-2.57,-2.50,-2.13,-2.11,-2.11
317.96,0.47,2.56,0.49,2.58,-2.58,-2.47,-2.11,-2.09,-2.09
321.14,0.51,2.58,0.53,2.60,-2.60,-2.43,-2.09,-2.07,-2.07
324.35,0.56,2.62,0.57,2.62,-2.62,-2.40,-2.06,-2.05,-2.05
327.59,0.61,2.65,0.61,2.64,-2.64,-2.37,-2.03,-2.03,-2.03
330.87,0.66,2.67,0.65,2.66,-2.66,-2.33,-2.00,-2.01,-2.01
334.18,0.70,2.69,0.70,2.69,-2.69,-2.30,-1.99,-1.99,-1.99
337.52,0.76,2.73,0.75,2.72,-2.72,-2.27,-1.95,-1.97,-1.97
340.90,0.81,2.75,0.80,2.74,-2.74,-2.25,-1.93,-1.94,-1.94
344.30,0.87,2.79,0.85,2.77,-2.77,-2.22,-1.90,-1.92,-1.92
347.75,0.91,2.80,0.91,2.81,-2.81,-2.20,-1.89,-1.89,-1.89
351.23,0.96,2.82,0.97,2.84,-2.84,-2.17,-1.88,-1.87,-1.86
354.74,1.00,2.84,1.03,2.87,-2.87,-2.15,-1.87,-1.84,-1.84
358.28,1.06,2.88,1.08,2.90,-2.90,-2.13,-1.84,-1.82,-1.81
361.87,1.12,2.91,1.14,2.94,-2.94,-2.12,-1.82,-1.79,-1.79
365.49,1.20,2.97,1.20,2.97,-2.97,-2.10,-1.77,-1.77,-1.77
369.14,1.26,3.01,1.26,3.01,-3.01,-2.09,-1.74,-1.75,-1.75
372.83,1.31,3.04,1.31,3.04,-3.04,-2.07,-1.73,-1.73,-1.72
376.56,1.38,3.09,1.36,3.08,-3.08,-2.06,-1.69,-1.71,-1.71
380.33,1.43,3.12,1.42,3.11,-3.11,-2.05,-1.68,-1.69,-1.69
384.13,1.47,3.14,1.46,3.14,-3.14,-2.05,-1.67,-1.68,-1.67
387.97,1.52,3.18,1.51,3.18,-3.18,-2.04,-1.66,-1.66,-1.66
391.85,1.56,3.21,1.55,3.21,-3.21,-2.04,-1.65,-1.65,-1.65
395.77,1.59,3.23,1.59,3.24,-3.24,-2.03,-1.65,-1.65,-1.64
399.73,1.61,3.24,1.62,3.27,-3.27,-2.03,-1.65,-1.64,-1.63
403.72,1.63,3.26,1.65,3.29,-3.29,-2.03,-1.66,-1.64,-1.62
407.76,1.65,3.27,1.67,3.31,-3.31,-2.03,-1.66,-1.64,-1.62
411.84,1.68,3.31,1.69,3.33,-3.33,-2.03,-1.65,-1.64,-1.62
415.96,1.70,3.33,1.70,3.34,-3.34,-2.03,-1.64,-1.64,-1.63
420.12,1.71,3.35,1.70,3.35,-3.35,-2.04,-1.64,-1.65,-1.64
424.32,1.69,3.33,1.70,3.35,-3.35,-2.04,-1.66,-1.65,-1.64
428.56,1.68,3.33,1.68,3.34,-3.34,-2.05,-1.66,-1.65,-1.65
432.85,1.66,3.32,1.66,3.32,-3.32,-2.05,-1.65,-1.66,-1.66
437.18,1.63,3.30,1.62,3.28,-3.28,-2.06,-1.65,-1.67,-1.67
441.55,1.59,3.27,1.57,3.24,-3.24,-2.06,-1.65,-1.67,-1.68
445.96,1.53,3.22,1.50,3.18,-3.18,-2.07,-1.65,-1.68,-1.69
450.42,1.44,3.13,1.43,3.11,-3.11,-2.08,-1.67,-1.68,-1.69
454.93,1.35,3.05,1.33,3.02,-3.02,-2.08,-1.67,-1.69,-1.70
459.48,1.23,2.93,1.22,2.92,-2.92,-2.09,-1.69,-1.69,-1.70
464.07,1.12,2.83,1.10,2.80,-2.80,-2.09,-1.68,-1.70,-1.70
468.71,1.00,2.71,0.97,2.66,-2.66,-2.10,-1.66,-1.70,-1.71
473.40,0.83,2.54,0.82,2.52,-2.52,-2.10,-1.69,-1.70,-1.71
478.13,0.67,2.38,0.66,2.36,-2.36,-2.10,-1.69,-1.70,-1.71
482.91,0.50,2.21,0.48,2.19,-2.19,-2.11,-1.69,-1.70,-1.71
487.74,0.33,2.04,0.30,2.01,-2.01,-2.11,-1.68,-1.71,-1.71
492.62,0.15,1.86,0.12,1.83,-1.83,-2.11,-1.68,-1.71,-1.71
497.55,-0.03,1.68,-0.06,1.65,-1.65,-2.11,-1.68,-1.71,-1.71
502.52,-0.22,1.49,-0.24,1.47,-1.47,-2.11,-1.69,-1.71,-1.71
507.55,-0.41,1.30,-0.42,1.30,-1.30,-2.10,-1.71,-1.71,-1.70
512.62,-0.58,1.12,-0.58,1.14,-1.14,-2.10,-1.71,-1.71,-1.70
517.75,-0.75,0.94,-0.72,0.99,-0.99,-2.09,-1.74,-1.71,-1.69
522.93,-0.90,0.78,-0.85,0.86,-0.86,-2.09,-1.76,-1.71,-1.68
528.16,-1.01,0.66,-0.95,0.75,-0.75,-2.08,-1.76,-1.70,-1.67
533.44,-1.08,0.58,-1.03,0.66,-0.66,-2.07,-1.74,-1.69,-1.65
538.77,-1.14,0.50,-1.08,0.61,-0.61,-2.07,-1.74,-1.68,-1.64
544.16,-1.16,0.46,-1.09,0.57,-0.57,-2.06,-1.73,-1.67,-1.62
549.60,-1.15,0.45,-1.08,0.57,-0.57,-2.05,-1.72,-1.65,-1.60
555.10,-1.09,0.49,-1.04,0.59,-0.59,-2.04,-1.68,-1.63,-1.58
560.65,-1.01,0.56,-0.97,0.64,-0.64,-2.03,-1.65,-1.61,-1.57
566.25,-0.91,0.64,-0.87,0.71,-0.71,-2.02,-1.62,-1.59,-1.55
571.92,-0.78,0.75,-0.76,0.81,-0.81,-2.01,-1.59,-1.57,-1.53
577.64,-0.63,0.89,-0.63,0.92,-0.92,-2.00,-1.55,-1.55,-1.52
583.41,-0.48,1.03,-0.49,1.04,-1.04,-1.99,-1.52,-1.53,-1.51
589.25,-0.32,1.18,-0.33,1.18,-1.18,-1.98,-1.50,-1.51,-1.50
595.14,-0.14,1.35,-0.18,1.32,-1.32,-1.97,-1.46,-1.50,-1.49
601.09,0.03,1.52,-0.02,1.46,-1.46,-1.96,-1.43,-1.48,-1.48
607.10,0.17,1.65,0.13,1.60,-1.60,-1.96,-1.43,-1.47,-1.48
613.17,0.29,1.76,0.27,1.73,-1.73,-1.95,-1.44,-1.46,-1.47
619.30,0.42,1.89,0.41,1.86,-1.86,-1.94,-1.44,-1.45,-1.47
625.50,0.55,2.01,0.53,1.97,-1.97,-1.94,-1.42,-1.44,-1.46
631.75,0.65,2.10,0.64,2.07,-2.07,-1.94,-1.42,-1.43,-1.45
638.07,0.75,2.19,0.74,2.16,-2.16,-1.94,-1.41,-1.42,-1.44
644.45,0.82,2.25,0.82,2.23,-2.23,-1.93,-1.40,-1.40,-1.42
650.89,0.91,2.32,0.89,2.28,-2.28,-1.94,-1.37,-1.39,-1.41
657.40,0.95,2.34,0.94,2.31,-2.31,-1.94,-1.36,-1.37,-1.39
663.98,0.98,2.35,0.97,2.33,-2.33,-1.94,-1.35,-1.36,-1.37
670.62,1.00,2.35,0.99,2.33,-2.33,-1.95,-1.33,-1.34,-1.35
677.32,1.01,2.34,1.00,2.32,-2.32,-1.95,-1.31,-1.32,-1.32
684.10,1.00,2.31,0.99,2.29,-2.29,-1.96,-1.29,-1.31,-1.31
690.94,0.98,2.27,0.96,2.25,-2.25,-1.97,-1.27,-1.29,-1.29
697.85,0.94,2.22,0.92,2.20,-2.20,-1.98,-1.26,-1.28,-1.28
704.83,0.90,2.17,0.88,2.15,-2.15,-1.99,-1.24,-1.27,-1.26
711.87,0.82,2.08,0.82,2.08,-2.08,-2.01,-1.26,-1.26,-1.26
718.99,0.76,2.01,0.75,2.01,-2.01,-2.02,-1.25,-1.26,-1.25
726.18,0.67,1.92,0.68,1.94,-1.94,-2.04,-1.27,-1.26,-1.25
733.44,0.59,1.84,0.60,1.86,-1.86,-2.06,-1.27,-1.26,-1.25
740.78,0.50,1.76,0.52,1.79,-1.79,-2.08,-1.29,-1.27,-1.26
748.19,0.43,1.69,0.44,1.72,-1.72,-2.10,-1.29,-1.28,-1.26
755.67,0.35,1.62,0.36,1.65,-1.65,-2.13,-1.30,-1.29,-1.27
763.23,0.28,1.57,0.29,1.59,-1.59,-2.15,-1.31,-1.30,-1.28
770.86,0.20,1.50,0.21,1.53,-1.53,-2.18,-1.33,-1.31,-1.30
778.57,0.12,1.44,0.15,1.48,-1.48,-2.20,-1.36,-1.33,-1.32
786.35,0.06,1.40,0.08,1.43,-1.43,-2.23,-1.37,-1.35,-1.34
794.22,0.00,1.36,0.02,1.39,-1.39,-2.26,-1.39,-1.37,-1.36
802.16,-0.05,1.33,-0.03,1.35,-1.35,-2.29,-1.40,-1.39,-1.38
810.18,-0.10,1.30,-0.09,1.32,-1.32,-2.32,-1.42,-1.41,-1.40
818.28,-0.13,1.30,-0.14,1.29,-1.29,-2.35,-1.42,-1.43,-1.43
826.46,-0.17,1.29,-0.19,1.27,-1.27,-2.38,-1.44,-1.46,-1.46
834.73,-0.22,1.27,-0.24,1.25,-1.25,-2.42,-1.47,-1.49,-1.49
843.08,-0.26,1.26,-0.29,1.23,-1.23,-2.45,-1.49,-1.52,-1.52
851.51,-0.30,1.26,-0.34,1.22,-1.22,-2.48,-1.52,-1.56,-1.56
860.02,-0.36,1.23,-0.38,1.21,-1.21,-2.51,-1.57,-1.59,-1.59
868.62,-0.41,1.22,-0.42,1.20,-1.20,-2.54,-1.61,-1.62,-1.63
877.31,-0.47,1.19,-0.46,1.20,-1.20,-2.57,-1.67,-1.66,-1.66
886.08,-0.50,1.20,-0.49,1.20,-1.20,-2.60,-1.70,-1.70,-1.70
894.94,-0.53,1.20,-0.52,1.21,-1.21,-2.62,-1.74,-1.73,-1.73
903.89,-0.55,1.21,-0.54,1.23,-1.23,-2.65,-1.78,-1.77,-1.76
912.93,-0.56,1.23,-0.55,1.25,-1.25,-2.67,-1.81,-1.80,-1.79
922.06,-0.56,1.25,-0.54,1.29,-1.29,-2.69,-1.84,-1.83,-1.81
931.28,-0.55,1.28,-0.52,1.33,-1.33,-2.70,-1.88,-1.85,-1.83
940.59,-0.52,1.33,-0.49,1.38,-1.38,-2.72,-1.90,-1.87,-1.85
950.00,-0.48,1.39,-0.44,1.45,-1.45,-2.73,-1.93,-1.89,-1.87
959.50,-0.42,1.46,-0.38,1.53,-1.53,-2.74,-1.94,-1.91,-1.88
969.09,-0.33,1.57,-0.31,1.61,-1.61,-2.74,-1.94,-1.92,-1.89
978.78,-0.24,1.67,-0.22,1.71,-1.71,-2.74,-1.95,-1.93,-1.91
988.57,-0.14,1.78,-0.12,1.81,-1.81,-2.73,-1.95,-1.94,-1.92
998.46,-0.02,1.91,-0.02,1.92,-1.92,-2.73,-1.94,-1.94,-1.93
1008.44,0.10,2.04,0.09,2.04,-2.04,-2.71,-1.94,-1.95,-1.94
1018.53,0.22,2.17,0.20,2.16,-2.16,-2.70,-1.94,-1.96,-1.94
1028.71,0.33,2.29,0.32,2.28,-2.28,-2.68,-1.95,-1.96,-1.95
1039.00,0.45,2.41,0.44,2.40,-2.40,-2.66,-1.95,-1.97,-1.96
1049.39,0.55,2.53,0.55,2.52,-2.52,-2.63,-1.97,-1.97,-1.97
1059.88,0.67,2.66,0.66,2.64,-2.64,-2.60,-1.97,-1.98,-1.98
1070.48,0.77,2.76,0.77,2.75,-2.75,-2.56,-1.98,-1.98,-1.99
1081.19,0.87,2.87,0.87,2.86,-2.86,-2.53,-1.99,-1.99,-2.00
1092.00,0.96,2.97,0.96,2.96,-2.96,-2.49,-1.99,-2.00,-2.01
1102.92,1.04,3.05,1.04,3.05,-3.05,-2.44,-2.00,-2.00,-2.01
1113.95,1.12,3.14,1.12,3.13,-3.13,-2.40,-2.01,-2.01,-2.02
1125.09,1.18,3.21,1.18,3.20,-3.20,-2.35,-2.02,-2.02,-2.03
1136.34,1.25,3.28,1.23,3.26,-3.26,-2.30,-2.01,-2.03,-2.03
1147.70,1.29,3.33,1.27,3.31,-3.31,-2.25,-2.01,-2.03,-2.04
1159.18,1.32,3.37,1.30,3.34,-3.34,-2.20,-2.02,-2.04,-2.04
1170.77,1.33,3.38,1.32,3.37,-3.37,-2.14,-2.04,-2.05,-2.05
1182.48,1.33,3.39,1.32,3.39,-3.39,-2.09,-2.05,-2.06,-2.06
1194.30,1.32,3.39,1.32,3.39,-3.39,-2.03,-2.07,-2.07,-2.07
1206.25,1.30,3.38,1.30,3.39,-3.39,-1.98,-2.09,-2.09,-2.08
1218.31,1.28,3.38,1.27,3.37,-3.37,-1.92,-2.09,-2.10,-2.10
1230.49,1.24,3.36,1.23,3.35,-3.35,-1.86,-2.11,-2.12,-2.11
1242.80,1.18,3.31,1.18,3.32,-3.32,-1.81,-2.13,-2.13,-2.13
1255.22,1.12,3.27,1.13,3.28,-3.28,-1.75,-2.15,-2.15,-2.15
1267.78,1.06,3.23,1.06,3.23,-3.23,-1.69,-2.17,-2.17,-2.17
1280.45,0.99,3.18,0.98,3.17,-3.17,-1.64,-2.18,-2.19,-2.19
1293.26,0.91,3.13,0.90,3.11,-3.11,-1.58,-2.20,-2.21,-2.21
1306.19,0.82,3.06,0.82,3.05,-3.05,-1.53,-2.23,-2.23,-2.24
1319.25,0.73,2.99,0.73,2.98,-2.98,-1.48,-2.25,-2.25,-2.26
1332.45,0.64,2.92,0.63,2.91,-2.91,-1.42,-2.27,-2.28,-2.27
1345.77,0.54,2.83,0.54,2.84,-2.84,-1.37,-2.30,-2.30,-2.29
1359.23,0.44,2.75,0.44,2.76,-2.76,-1.32,-2.32,-2.32,-2.31
1372.82,0.34,2.67,0.35,2.69,-2.69,-1.27,-2.35,-2.34,-2.32
1386.55,0.24,2.58,0.26,2.62,-2.62,-1.22,-2.38,-2.36,-2.34
1400.41,0.15,2.50,0.17,2.55,-2.55,-1.17,-2.39,-2.38,-2.35
1414.42,0.06,2.43,0.08,2.48,-2.48,-1.12,-2.41,-2.39,-2.36
1428.56,-0.02,2.36,0.00,2.41,-2.41,-1.08,-2.43,-2.40,-2.37
1442.85,-0.09,2.29,-0.07,2.34,-2.34,-1.03,-2.43,-2.41,-2.38
1457.28,-0.16,2.23,-0.14,2.28,-2.28,-0.98,-2.44,-2.42,-2.39
1471.85,-0.23,2.16,-0.21,2.21,-2.21,-0.94,-2.44,-2.42,-2.39
1486.57,-0.27,2.13,-0.27,2.15,-2.15,-0.90,-2.42,-2.42,-2.39
1501.43,-0.32,2.07,-0.33,2.09,-2.09,-0.85,-2.41,-2.42,-2.39
1516.45,-0.37,2.02,-0.38,2.03,-2.03,-0.81,-2.40,-2.41,-2.39
1531.61,-0.42,1.97,-0.44,1.97,-1.97,-0.77,-2.38,-2.40,-2.38
1546.93,-0.47,1.90,-0.49,1.90,-1.90,-0.73,-2.37,-2.39,-2.37
1562.40,-0.53,1.83,-0.54,1.84,-1.84,-0.69,-2.37,-2.38,-2.36
1578.02,-0.59,1.76,-0.59,1.78,-1.78,-0.65,-2.36,-2.36,-2.35
1593.80,-0.64,1.69,-0.64,1.71,-1.71,-0.62,-2.35,-2.35,-2.33
1609.74,-0.69,1.62,-0.68,1.65,-1.65,-0.58,-2.34,-2.33,-2.31
1625.84,-0.73,1.56,-0.73,1.58,-1.58,-0.54,-2.31,-2.31,-2.29
1642.10,-0.78,1.49,-0.77,1.52,-1.52,-0.51,-2.30,-2.29,-2.27
1658.52,-0.84,1.41,-0.82,1.46,-1.46,-0.47,-2.30,-2.28,-2.25
1675.10,-0.88,1.35,-0.86,1.40,-1.40,-0.43,-2.27,-2.26,-2.23
1691.85,-0.92,1.29,-0.90,1.34,-1.34,-0.40,-2.25,-2.24,-2.21
1708.77,-0.95,1.25,-0.94,1.28,-1.28,-0.37,-2.22,-2.22,-2.20
1725.86,-0.99,1.19,-0.98,1.22,-1.22,-0.33,-2.21,-2.20,-2.18
1743.12,-1.03,1.14,-1.03,1.16,-1.16,-0.30,-2.19,-2.18,-2.17
1760.55,-1.07,1.09,-1.07,1.10,-1.10,-0.27,-2.17,-2.17,-2.16
1778.15,-1.12,1.03,-1.12,1.04,-1.04,-0.24,-2.15,-2.16,-2.15
1795.94,-1.16,0.99,-1.18,0.97,-0.97,-0.20,-2.13,-2.15,-2.15
1813.90,-1.21,0.93,-1.23,0.91,-0.91,-0.17,-2.11,-2.14,-2.14
1832.03,-1.27,0.87,-1.30,0.83,-0.83,-0.14,-2.10,-2.13,-2.14
1850.36,-1.35,0.79,-1.36,0.76,-0.76,-0.11,-2.11,-2.12,-2.13
1868.86,-1.43,0.70,-1.44,0.68,-0.68,-0.08,-2.11,-2.12,-2.13
1887.55,-1.52,0.61,-1.52,0.59,-0.59,-0.05,-2.11,-2.11,-2.12
1906.42,-1.62,0.50,-1.61,0.50,-0.50,-0.02,-2.12,-2.11,-2.12
1925.49,-1.71,0.40,-1.70,0.40,-0.40,0.01,-2.11,-2.10,-2.11
1944.74,-1.81,0.30,-1.80,0.29,-0.29,0.04,-2.10,-2.10,-2.10
1964.19,-1.90,0.20,-1.91,0.18,-0.18,0.07,-2.08,-2.09,-2.09
1983.83,-2.01,0.07,-2.01,0.06,-0.06,0.10,-2.07,-2.07,-2.08
2003.67,-2.12,-0.05,-2.12,-0.06,0.06,0.13,-2.06,-2.06,-2.07
2023.71,-2.24,-0.19,-2.23,-0.19,0.19,0.16,-2.05,-2.04,-2.05
2043.94,-2.36,-0.33,-2.34,-0.32,0.32,0.19,-2.03,-2.02,-2.03
2064.38,-2.47,-0.46,-2.46,-0.46,0.46,0.22,-2.01,-2.00,-2.01
2085.03,-2.57,-0.58,-2.57,-0.59,0.59,0.25,-1.97,-1.98,-1.99
2105.88,-2.69,-0.73,-2.69,-0.73,0.73,0.28,-1.96,-1.96,-1.96
2126.94,-2.81,-0.87,-2.80,-0.87,0.87,0.31,-1.94,-1.94,-1.94
2148.20,-2.92,-1.00,-2.92,-1.00,1.00,0.35,-1.91,-1.92,-1.91
2169.69,-3.02,-1.13,-3.04,-1.14,1.14,0.38,-1.88,-1.90,-1.89
2191.38,-3.14,-1.27,-3.15,-1.27,1.27,0.41,-1.87,-1.89,-1.87
2213.30,-3.26,-1.42,-3.27,-1.39,1.39,0.44,-1.87,-1.87,-1.84
2235.43,-3.39,-1.57,-3.38,-1.52,1.52,0.47,-1.87,-1.86,-1.82
2257.78,-3.50,-1.70,-3.49,-1.63,1.63,0.51,-1.87,-1.86,-1.80
2280.36,-3.60,-1.81,-3.59,-1.74,1.74,0.54,-1.86,-1.85,-1.78
2303.17,-3.70,-1.93,-3.70,-1.85,1.85,0.57,-1.85,-1.85,-1.77
2326.20,-3.80,-2.04,-3.79,-1.95,1.95,0.61,-1.85,-1.85,-1.76
2349.46,-3.90,-2.15,-3.89,-2.04,2.04,0.64,-1.86,-1.85,-1.75
2372.95,-3.99,-2.24,-3.97,-2.12,2.12,0.68,-1.87,-1.85,-1.75
2396.68,-4.07,-2.32,-4.06,-2.20,2.20,0.71,-1.87,-1.85,-1.74
2420.65,-4.14,-2.39,-4.13,-2.28,2.28,0.75,-1.86,-1.86,-1.74
2444.86,-4.22,-2.47,-4.20,-2.35,2.35,0.79,-1.87,-1.86,-1.75
2469.31,-4.27,-2.52,-4.27,-2.41,2.41,0.83,-1.86,-1.86,-1.75
2494.00,-4.33,-2.57,-4.33,-2.47,2.47,0.87,-1.86,-1.86,-1.76
2518.94,-4.39,-2.63,-4.39,-2.53,2.53,0.91,-1.86,-1.87,-1.76
2544.13,-4.44,-2.67,-4.45,-2.58,2.58,0.95,-1.86,-1.87,-1.77
2569.57,-4.49,-2.72,-4.50,-2.63,2.63,0.99,-1.86,-1.87,-1.77
2595.27,-4.54,-2.76,-4.55,-2.68,2.68,1.03,-1.86,-1.88,-1.77
2621.22,-4.59,-2.81,-4.60,-2.72,2.72,1.08,-1.87,-1.88,-1.78
2647.43,-4.64,-2.86,-4.64,-2.76,2.76,1.12,-1.88,-1.89,-1.78
2673.90,-4.69,-2.92,-4.69,-2.79,2.79,1.17,-1.90,-1.90,-1.77
2700.64,-4.73,-2.96,-4.73,-2.82,2.82,1.22,-1.90,-1.90,-1.77
2727.65,-4.76,-3.00,-4.77,-2.85,2.85,1.27,-1.91,-1.91,-1.76
2754.93,-4.79,-3.04,-4.80,-2.87,2.87,1.32,-1.91,-1.92,-1.75
2782.48,-4.81,-3.07,-4.83,-2.89,2.89,1.37,-1.92,-1.94,-1.74
2810.30,-4.84,-3.12,-4.85,-2.91,2.91,1.42,-1.93,-1.95,-1.72
2838.40,-4.87,-3.16,-4.87,-2.91,2.91,1.48,-1.96,-1.96,-1.71
2866.79,-4.89,-3.20,-4.88,-2.91,2.91,1.53,-1.98,-1.97,-1.69
2895.46,-4.89,-3.21,-4.88,-2.91,2.91,1.59,-1.98,-1.97,-1.67
2924.41,-4.87,-3.21,-4.87,-2.89,2.89,1.65,-1.98,-1.97,-1.66
2953.65,-4.85,-3.21,-4.84,-2.87,2.87,1.71,-1.98,-1.97,-1.64
2983.19,-4.82,-3.20,-4.81,-2.85,2.85,1.77,-1.97,-1.96,-1.62
3013.02,-4.78,-3.18,-4.76,-2.81,2.81,1.83,-1.97,-1.95,-1.60
3043.15,-4.72,-3.15,-4.70,-2.78,2.78,1.90,-1.94,-1.93,-1.57
3073.58,-4.65,-3.10,-4.63,-2.74,2.74,1.96,-1.91,-1.89,-1.55
3104.32,-4.55,-3.02,-4.54,-2.69,2.69,2.03,-1.86,-1.85,-1.53
3135.36,-4.45,-2.95,-4.43,-2.64,2.64,2.09,-1.81,-1.79,-1.50
3166.72,-4.34,-2.87,-4.32,-2.59,2.59,2.16,-1.75,-1.73,-1.47
3198.38,-4.21,-2.77,-4.19,-2.53,2.53,2.23,-1.68,-1.66,-1.44
3230.37,-4.07,-2.67,-4.05,-2.47,2.47,2.30,-1.60,-1.58,-1.40
3262.67,-3.90,-2.54,-3.90,-2.40,2.40,2.37,-1.50,-1.50,-1.36
3295.30,-3.73,-2.42,-3.74,-2.33,2.33,2.44,-1.39,-1.40,-1.31
3328.25,-3.56,-2.31,-3.57,-2.27,2.27,2.51,-1.29,-1.30,-1.25
3361.53,-3.40,-2.22,-3.40,-2.20,2.20,2.58,-1.20,-1.20,-1.18
3395.15,-3.23,-2.13,-3.23,-2.14,2.14,2.64,-1.09,-1.09,-1.09
3429.10,-3.05,-2.05,-3.05,-2.07,2.07,2.71,-0.97,-0.98,-1.00
3463.39,-2.87,-1.97,-2.88,-2.02,2.02,2.78,-0.85,-0.86,-0.90
3498.03,-2.70,-1.91,-2.71,-1.96,1.96,2.84,-0.74,-0.75,-0.79
3533.01,-2.52,-1.85,-2.54,-1.91,1.91,2.91,-0.61,-0.63,-0.67
3568.34,-2.35,-1.80,-2.37,-1.87,1.87,2.97,-0.48,-0.50,-0.55
3604.02,-2.20,-1.79,-2.21,-1.82,1.82,3.02,-0.37,-0.38,-0.41
3640.06,-2.05,-1.77,-2.05,-1.79,1.79,3.08,-0.26,-0.26,-0.28
3676.46,-1.91,-1.77,-1.90,-1.76,1.76,3.13,-0.15,-0.14,-0.14
3713.22,-1.76,-1.76,-1.75,-1.73,1.73,3.18,-0.03,-0.02,0.00
3750.36,-1.61,-1.74,-1.60,-1.71,1.71,3.22,0.10,0.11,0.14
3787.86,-1.47,-1.73,-1.47,-1.69,1.69,3.25,0.23,0.23,0.27
3825.74,-1.35,-1.74,-1.34,-1.68,1.68,3.29,0.33,0.34,0.39
3864.00,-1.23,-1.73,-1.21,-1.67,1.67,3.31,0.44,0.46,0.50
3902.64,-1.11,-1.71,-1.10,-1.66,1.66,3.33,0.55,0.56,0.60
3941.66,-1.00,-1.70,-0.99,-1.66,1.66,3.35,0.66,0.67,0.70
3981.08,-0.90,-1.69,-0.89,-1.66,1.66,3.36,0.76,0.76,0.79
4020.89,-0.81,-1.68,-0.81,-1.66,1.66,3.36,0.85,0.85,0.87
4061.10,-0.74,-1.68,-0.74,-1.68,1.68,3.35,0.94,0.94,0.94
4101.71,-0.68,-1.69,-0.68,-1.70,1.70,3.34,1.02,1.02,1.01
4142.73,-0.63,-1.70,-0.64,-1.73,1.73,3.33,1.10,1.09,1.07
4184.15,-0.60,-1.73,-0.61,-1.78,1.78,3.31,1.18,1.16,1.13
4226.00,-0.59,-1.78,-0.61,-1.84,1.84,3.28,1.25,1.23,1.19
4268.26,-0.61,-1.86,-0.62,-1.93,1.93,3.24,1.32,1.30,1.25
4310.94,-0.65,-1.95,-0.66,-2.04,2.04,3.21,1.39,1.38,1.31
4354.05,-0.71,-2.07,-0.72,-2.16,2.16,3.16,1.45,1.44,1.36
4397.59,-0.79,-2.20,-0.80,-2.30,2.30,3.12,1.51,1.51,1.41
4441.56,-0.90,-2.35,-0.90,-2.45,2.45,3.06,1.55,1.55,1.46
4485.98,-1.02,-2.52,-1.02,-2.61,2.61,3.01,1.59,1.58,1.50
4530.84,-1.17,-2.71,-1.17,-2.76,2.76,2.95,1.60,1.59,1.54
4576.15,-1.34,-2.90,-1.35,-2.92,2.92,2.89,1.58,1.57,1.56
4621.91,-1.54,-3.12,-1.54,-3.06,3.06,2.83,1.53,1.52,1.58
4668.13,-1.75,-3.33,-1.76,-3.20,3.20,2.77,1.45,1.44,1.58
4714.81,-1.99,-3.55,-2.01,-3.33,3.33,2.70,1.34,1.32,1.57
4761.96,-2.24,-3.77,-2.27,-3.44,3.44,2.63,1.20,1.16,1.53
4809.58,-2.52,-3.99,-2.57,-3.53,3.53,2.57,1.01,0.96,1.47
4857.67,-2.82,-4.21,-2.88,-3.61,3.61,2.50,0.79,0.72,1.39
4906.25,-3.14,-4.43,-3.22,-3.67,3.67,2.43,0.53,0.45,1.29
4955.31,-3.49,-4.65,-3.57,-3.71,3.71,2.37,0.22,0.14,1.17
5004.87,-3.85,-4.87,-3.93,-3.73,3.73,2.30,-0.12,-0.20,1.02
5054.91,-4.21,-5.06,-4.29,-3.74,3.74,2.23,-0.47,-0.56,0.85
5105.46,-4.58,-5.25,-4.65,-3.73,3.73,2.17,-0.85,-0.92,0.67
5156.52,-4.96,-5.44,-4.99,-3.71,3.71,2.11,-1.25,-1.28,0.48
5208.08,-5.32,-5.60,-5.31,-3.68,3.68,2.04,-1.64,-1.62,0.28
5260.16,-5.63,-5.71,-5.59,-3.65,3.65,1.98,-1.98,-1.94,0.08
5312.77,-5.91,-5.79,-5.83,-3.62,3.62,1.92,-2.29,-2.21,-0.12
5365.89,-6.12,-5.82,-6.01,-3.58,3.58,1.86,-2.54,-2.43,-0.30
5419.55,-6.24,-5.77,-6.13,-3.53,3.53,1.81,-2.71,-2.60,-0.47
5473.75,-6.31,-5.69,-6.19,-3.48,3.48,1.75,-2.83,-2.71,-0.61
5528.49,-6.30,-5.57,-6.16,-3.42,3.42,1.70,-2.88,-2.74,-0.73
5583.77,-6.21,-5.39,-6.06,-3.37,3.37,1.64,-2.84,-2.69,-0.82
5639.61,-6.02,-5.15,-5.88,-3.30,3.30,1.59,-2.72,-2.58,-0.87
5696.00,-5.75,-4.87,-5.62,-3.21,3.21,1.54,-2.53,-2.41,-0.88
5752.96,-5.39,-4.54,-5.29,-3.11,3.11,1.50,-2.28,-2.18,-0.85
5810.49,-4.96,-4.18,-4.90,-2.99,2.99,1.45,-1.97,-1.90,-0.78
5868.60,-4.49,-3.82,-4.44,-2.85,2.85,1.41,-1.64,-1.59,-0.67
5927.28,-3.96,-3.43,-3.94,-2.69,2.69,1.36,-1.27,-1.26,-0.53
5986.56,-3.40,-3.05,-3.41,-2.51,2.51,1.32,-0.89,-0.90,-0.35
6046.42,-2.82,-2.67,-2.84,-2.31,2.31,1.28,-0.51,-0.53,-0.15
6106.89,-2.21,-2.29,-2.26,-2.10,2.10,1.24,-0.11,-0.16,0.08
6167.96,-1.62,-1.95,-1.67,-1.88,1.88,1.21,0.26,0.21,0.33
6229.64,-1.03,-1.63,-1.09,-1.66,1.66,1.17,0.63,0.57,0.60
6291.93,-0.46,-1.34,-0.52,-1.43,1.43,1.14,0.98,0.92,0.88
6354.85,0.10,-1.06,0.03,-1.22,1.22,1.11,1.32,1.25,1.16
6418.40,0.61,-0.84,0.55,-1.01,1.01,1.07,1.62,1.56,1.45
6482.58,1.10,-0.64,1.04,-0.82,0.82,1.04,1.92,1.86,1.74
6547.41,1.57,-0.46,1.50,-0.65,0.65,1.01,2.22,2.15,2.03
6612.88,1.98,-0.34,1.92,-0.51,0.51,0.99,2.49,2.43,2.32
6679.01,2.35,-0.26,2.30,-0.40,0.40,0.96,2.75,2.70,2.61
6745.80,2.68,-0.21,2.65,-0.32,0.32,0.93,3.00,2.97,2.89
6813.26,2.98,-0.19,2.95,-0.28,0.28,0.91,3.26,3.23,3.18
6881.39,3.23,-0.22,3.22,-0.27,0.27,0.88,3.51,3.50,3.45
6950.21,3.46,-0.26,3.46,-0.28,0.28,0.86,3.75,3.74,3.72
7019.71,3.65,-0.32,3.66,-0.31,0.31,0.84,3.96,3.97,3.97
7089.91,3.81,-0.39,3.83,-0.34,0.34,0.82,4.15,4.17,4.20
7160.81,3.95,-0.47,3.97,-0.37,0.37,0.80,4.32,4.34,4.42
7232.41,4.06,-0.54,4.08,-0.40,0.40,0.77,4.46,4.48,4.60
7304.74,4.14,-0.61,4.17,-0.43,0.43,0.75,4.57,4.59,4.75
7377.79,4.21,-0.65,4.22,-0.45,0.44,0.73,4.65,4.66,4.86
7451.56,4.25,-0.67,4.26,-0.46,0.43,0.71,4.68,4.68,4.93
7526.08,4.27,-0.67,4.26,-0.47,0.40,0.70,4.67,4.65,4.95
7601.34,4.25,-0.67,4.24,-0.48,0.34,0.68,4.60,4.58,4.92
7677.35,4.21,-0.64,4.19,-0.50,0.29,0.66,4.50,4.47,4.85
7754.13,4.14,-0.61,4.11,-0.53,0.23,0.64,4.38,4.34,4.75
7831.67,4.04,-0.58,4.01,-0.59,0.19,0.62,4.23,4.20,4.63
7909.98,3.93,-0.55,3.88,-0.68,0.15,0.60,4.08,4.03,4.49
7989.08,3.78,-0.57,3.73,-0.80,0.11,0.58,3.89,3.84,4.35
8068.98,3.59,-0.63,3.56,-0.93,0.09,0.56,3.68,3.64,4.23
8149.67,3.40,-0.74,3.37,-1.10,0.06,0.54,3.47,3.44,4.14
8231.16,3.20,-0.89,3.17,-1.28,0.05,0.52,3.25,3.22,4.10
8313.47,2.98,-1.13,2.97,-1.48,0.04,0.50,3.02,3.00,4.12
8396.61,2.76,-1.44,2.76,-1.69,0.03,0.48,2.79,2.79,4.20
8480.57,2.53,-1.83,2.56,-1.91,0.02,0.46,2.55,2.58,4.36
8565.38,2.32,-2.27,2.36,-2.14,0.02,0.44,2.34,2.38,4.59
8651.03,2.12,-2.77,2.18,-2.37,0.01,0.42,2.13,2.19,4.89
8737.54,1.95,-3.28,2.02,-2.59,0.01,0.40,1.96,2.03,5.23
8824.92,1.80,-3.81,1.88,-2.80,0.01,0.38,1.81,1.88,5.61
8913.17,1.68,-4.33,1.76,-3.00,0.01,0.36,1.69,1.76,6.01
9002.30,1.60,-4.80,1.67,-3.19,0.00,0.33,1.61,1.67,6.41
9092.32,1.54,-5.23,1.60,-3.35,0.00,0.31,1.54,1.60,6.78
9183.25,1.51,-5.59,1.56,-3.51,0.00,0.29,1.51,1.56,7.10
9275.08,1.49,-5.88,1.53,-3.66,0.00,0.27,1.49,1.54,7.37
9367.83,1.50,-6.06,1.53,-3.80,0.00,0.25,1.50,1.53,7.56
9461.51,1.52,-6.14,1.54,-3.93,0.00,0.23,1.52,1.54,7.66
9556.12,1.56,-6.12,1.56,-4.06,0.00,0.20,1.56,1.56,7.68
9651.68,1.60,-6.02,1.58,-4.17,0.00,0.18,1.60,1.58,7.62
9748.20,1.63,-5.85,1.60,-4.27,0.00,0.16,1.63,1.60,7.48
9845.68,1.66,-5.61,1.62,-4.34,0.00,0.14,1.66,1.62,7.27
9944.14,1.67,-5.35,1.63,-4.38,0.00,0.12,1.67,1.63,7.02
10043.58,1.66,-5.07,1.62,-4.41,0.00,0.09,1.66,1.63,6.73
10144.02,1.64,-4.78,1.61,-4.41,0.00,0.07,1.64,1.61,6.42
10245.46,1.60,-4.52,1.58,-4.40,0.00,0.05,1.60,1.58,6.12
10347.91,1.54,-4.30,1.53,-4.37,0.00,0.03,1.54,1.53,5.84
10451.39,1.47,-4.11,1.46,-4.35,0.00,0.00,1.47,1.46,5.58
10555.91,1.38,-3.98,1.37,-4.33,0.00,-0.02,1.38,1.37,5.37
10661.46,1.27,-3.91,1.26,-4.31,0.00,-0.04,1.27,1.26,5.18
10768.08,1.14,-3.90,1.14,-4.29,0.00,-0.07,1.14,1.14,5.04
10875.76,0.99,-3.93,0.99,-4.27,0.00,-0.09,0.99,0.99,4.93
10984.52,0.84,-3.99,0.83,-4.25,0.00,-0.11,0.84,0.83,4.84
11094.36,0.66,-4.09,0.66,-4.23,0.00,-0.14,0.66,0.66,4.76
11205.31,0.46,-4.22,0.46,-4.21,0.00,-0.16,0.46,0.46,4.68
11317.36,0.26,-4.33,0.25,-4.19,0.00,-0.19,0.26,0.25,4.59
11430.53,0.04,-4.43,0.02,-4.17,0.00,-0.22,0.04,0.02,4.47
11544.84,-0.19,-4.52,-0.22,-4.14,0.00,-0.25,-0.19,-0.22,4.33
11660.29,-0.43,-4.58,-0.47,-4.08,0.00,-0.27,-0.43,-0.47,4.15
11776.89,-0.70,-4.62,-0.74,-3.99,0.00,-0.30,-0.70,-0.74,3.92
11894.66,-0.99,-4.64,-1.02,-3.88,0.00,-0.34,-0.99,-1.02,3.65
12013.60,-1.28,-4.61,-1.30,-3.74,0.00,-0.37,-1.28,-1.30,3.33
12133.74,-1.56,-4.53,-1.58,-3.59,0.00,-0.40,-1.56,-1.58,2.98
12255.08,-1.86,-4.45,-1.86,-3.42,0.00,-0.44,-1.86,-1.86,2.59
12377.63,-2.14,-4.32,-2.13,-3.24,0.00,-0.47,-2.14,-2.13,2.18
12501.41,-2.42,-4.19,-2.40,-3.06,0.00,-0.51,-2.42,-2.40,1.77
12626.42,-2.68,-4.04,-2.65,-2.88,0.00,-0.56,-2.68,-2.65,1.36
12752.68,-2.93,-3.89,-2.89,-2.72,0.00,-0.60,-2.93,-2.89,0.96
12880.21,-3.15,-3.72,-3.11,-2.59,0.00,-0.65,-3.15,-3.11,0.57
13009.01,-3.35,-3.57,-3.30,-2.49,0.00,-0.70,-3.35,-3.30,0.22
13139.10,-3.51,-3.40,-3.46,-2.40,0.00,-0.75,-3.51,-3.46,-0.11
13270.49,-3.64,-3.23,-3.60,-2.33,0.00,-0.81,-3.64,-3.60,-0.41
13403.20,-3.75,-3.07,-3.71,-2.25,0.00,-0.87,-3.75,-3.71,-0.68
13537.23,-3.83,-2.91,-3.79,-2.17,0.00,-0.94,-3.83,-3.79,-0.92
13672.60,-3.89,-2.75,-3.84,-2.07,0.00,-1.01,-3.89,-3.84,-1.14
13809.33,-3.91,-2.55,-3.87,-1.95,0.00,-1.09,-3.91,-3.87,-1.35
13947.42,-3.91,-2.34,-3.87,-1.79,0.00,-1.17,-3.91,-3.87,-1.57
14086.90,-3.89,-2.09,-3.85,-1.60,0.00,-1.26,-3.89,-3.85,-1.80
14227.77,-3.86,-1.81,-3.82,-1.35,0.00,-1.35,-3.86,-3.82,-2.05
14370.04,-3.81,-1.47,-3.78,-1.05,-0.05,-1.45,-3.86,-3.83,-2.34
14513.74,-3.75,-1.07,-3.73,-0.70,-0.17,-1.56,-3.92,-3.90,-2.68
14658.88,-3.69,-0.63,-3.68,-0.31,-0.35,-1.67,-4.04,-4.03,-3.06
14805.47,-3.63,-0.14,-3.64,0.12,-0.59,-1.79,-4.22,-4.23,-3.49
14953.52,-3.60,0.37,-3.61,0.58,-0.88,-1.91,-4.48,-4.49,-3.97
15103.06,-3.57,0.92,-3.60,1.05,-1.21,-2.03,-4.78,-4.81,-4.49
15254.09,-3.58,1.47,-3.61,1.53,-1.58,-2.15,-5.16,-5.20,-5.05
15406.63,-3.61,2.03,-3.66,1.99,-1.99,-2.26,-5.60,-5.65,-5.64
15560.70,-3.67,2.57,-3.73,2.43,-2.43,-2.35,-6.10,-6.17,-6.23
15716.30,-3.78,3.04,-3.85,2.82,-2.82,-2.43,-6.60,-6.67,-6.82
15873.47,-3.92,3.45,-4.00,3.15,-3.15,-2.47,-7.07,-7.15,-7.37
16032.20,-4.12,3.76,-4.19,3.39,-3.39,-2.48,-7.51,-7.59,-7.88
16192.52,-4.36,3.98,-4.43,3.56,-3.56,-2.46,-7.92,-7.98,-8.34
16354.45,-4.65,4.07,-4.70,3.62,-3.62,-2.40,-8.27,-8.32,-8.72
16517.99,-4.98,4.06,-5.00,3.58,-3.58,-2.30,-8.56,-8.58,-9.03
16683.17,-5.34,3.93,-5.33,3.45,-3.45,-2.17,-8.79,-8.78,-9.27
16850.01,-5.72,3.70,-5.70,3.24,-3.24,-2.02,-8.96,-8.94,-9.41
17018.51,-6.13,3.34,-6.09,2.98,-2.98,-1.85,-9.11,-9.07,-9.47
17188.69,-6.55,2.92,-6.50,2.68,-2.68,-1.68,-9.23,-9.18,-9.46
17360.58,-6.98,2.43,-6.94,2.35,-2.35,-1.51,-9.33,-9.29,-9.41
17534.18,-7.43,1.90,-7.39,2.03,-2.03,-1.34,-9.46,-9.42,-9.32
17709.53,-7.89,1.34,-7.86,1.71,-1.71,-1.18,-9.60,-9.57,-9.23
17886.62,-8.36,0.77,-8.34,1.43,-1.43,-1.03,-9.79,-9.76,-9.13
18065.49,-8.83,0.34,-8.82,1.28,-1.28,-0.90,-10.11,-10.10,-9.17
18246.14,-9.33,-0.13,-9.32,1.15,-1.15,-0.78,-10.48,-10.47,-9.20
18428.60,-9.84,-0.59,-9.84,1.05,-1.05,-0.67,-10.88,-10.88,-9.24
18612.89,-10.38,-1.09,-10.37,0.96,-0.96,-0.57,-11.34,-11.33,-9.29
18799.02,-10.93,-1.59,-10.92,0.91,-0.91,-0.49,-11.83,-11.82,-9.34
18987.01,-11.49,-2.09,-11.48,0.87,-0.87,-0.41,-12.36,-12.35,-9.40
19176.88,-12.06,-2.60,-12.06,0.86,-0.86,-0.34,-12.92,-12.92,-9.45
19368.65,-12.65,-3.13,-12.65,0.87,-0.87,-0.29,-13.52,-13.52,-9.52
19562.33,-13.26,-3.68,-13.26,0.91,-0.91,-0.24,-14.17,-14.17,-9.58
19757.96,-13.88,-4.22,-13.89,0.96,-0.96,-0.19,-14.84,-14.85,-9.65
19955.54,-14.52,-4.79,-14.53,1.05,-1.05,-0.16,-15.56,-15.58,-9.73
